#datum;m_txx;m_txxd;m_txa;m_dtx0;m_dtx25;m_dtx30;m_dtx35
1901-01;7.5;1901-01-23;-1.8;20;0;0;0
1901-02;6.8;1901-02-07;0.8;11;0;0;0
1901-03;18.0;1901-03-19;9.1;0;0;0;0
1901-04;23.6;1901-04-10;16.6;0;0;0;0
1901-05;30.5;1901-05-31;22.5;0;5;1;0
1901-06;31.5;1901-06-03;26.5;0;23;3;0
1901-07;34.0;1901-07-30;28.1;0;26;11;0
1901-08;31.7;1901-08-01;26.2;0;22;5;0
1901-09;25.7;1901-09-01;20.2;0;1;0;0
1901-10;22.2;1901-10-02;15.4;0;0;0;0
1901-11;16.2;1901-11-14;7.6;0;0;0;0
1901-12;10.2;1901-12-23;6.3;0;0;0;0
1902-01;11.0;1902-01-25;5.9;0;0;0;0
1902-02;8.5;1902-02-09;4.5;1;0;0;0
1902-03;18.2;1902-03-22;8.7;1;0;0;0
1902-04;22.5;1902-04-21;14.7;0;0;0;0
1902-05;25.6;1902-05-31;17.0;0;2;0;0
1902-06;31.1;1902-06-30;23.4;0;9;2;0
1902-07;32.0;1902-07-01;25.9;0;22;3;0
1902-08;32.0;1902-08-07;26.5;0;21;5;0
1902-09;28.4;1902-09-05;20.4;0;7;0;0
1902-10;18.2;1902-10-02;13.6;0;0;0;0
1902-11;12.3;1902-11-01;4.8;6;0;0;0
1902-12;8.2;1902-12-27;-0.6;13;0;0;0
1903-01;13.6;1903-01-11;2.1;10;0;0;0
1903-02;18.0;1903-02-23;7.9;1;0;0;0
1903-03;21.9;1903-03-27;13.0;0;0;0;0
1903-04;21.5;1903-04-29;12.7;0;0;0;0
1903-05;27.5;1903-05-03;21.1;0;3;0;0
1903-06;28.9;1903-06-03;23.9;0;9;0;0
1903-07;35.2;1903-07-20;26.1;0;21;6;1
1903-08;31.0;1903-08-15;25.8;0;19;2;0
1903-09;29.3;1903-09-07;21.6;0;8;0;0
1903-10;26.6;1903-10-07;15.5;0;1;0;0
1903-11;16.8;1903-11-03;9.1;0;0;0;0
1903-12;11.9;1903-12-02;4.5;3;0;0;0
1904-01;6.3;1904-01-20;0.3;18;0;0;0
1904-02;12.5;1904-02-22;6.0;0;0;0;0
1904-03;15.0;1904-03-10;9.4;0;0;0;0
1904-04;24.2;1904-04-24;16.2;0;0;0;0
1904-05;27.3;1904-05-18;21.2;0;5;0;0
1904-06;31.6;1904-06-17;25.7;0;20;4;0
1904-07;35.0;1904-07-17;30.0;0;31;14;1
1904-08;34.5;1904-08-06;27.2;0;22;8;0
1904-09;26.4;1904-09-14;19.3;0;3;0;0
1904-10;18.5;1904-10-02;14.4;0;0;0;0
1904-11;13.5;1904-11-05;5.3;5;0;0;0
1904-12;9.5;1904-12-30;4.7;2;0;0;0
1905-01;6.9;1905-01-31;-0.5;14;0;0;0
1905-02;9.9;1905-02-28;4.1;3;0;0;0
1905-03;21.0;1905-03-31;10.4;0;0;0;0
1905-04;21.0;1905-04-30;13.7;0;0;0;0
1905-05;25.5;1905-05-31;20.9;0;1;0;0
1905-06;30.2;1905-06-06;25.4;0;18;1;0
1905-07;34.9;1905-07-02;29.6;0;29;14;0
1905-08;35.0;1905-08-04;27.9;0;22;10;1
1905-09;30.5;1905-09-12;22.4;0;9;1;0
1905-10;17.5;1905-10-01;10.0;0;0;0;0
1905-11;14.4;1905-11-08;9.0;0;0;0;0
1905-12;9.8;1905-12-01;4.4;2;0;0;0
1906-01;9.8;1906-01-14;2.1;10;0;0;0
1906-02;15.0;1906-02-28;4.9;0;0;0;0
1906-03;17.8;1906-03-08;9.9;0;0;0;0
1906-04;22.2;1906-04-13;16.9;0;0;0;0
1906-05;28.1;1906-05-25;22.4;0;6;0;0
1906-06;33.3;1906-06-29;24.5;0;16;4;0
1906-07;31.8;1906-07-20;27.1;0;24;6;0
1906-08;32.5;1906-08-04;25.4;0;18;4;0
1906-09;30.0;1906-09-06;19.8;0;10;1;0
1906-10;19.9;1906-10-08;14.9;0;0;0;0
1906-11;17.5;1906-11-06;11.4;0;0;0;0
1906-12;11.3;1906-12-01;2.0;11;0;0;0
1907-01;6.5;1907-01-16;0.8;12;0;0;0
1907-02;6.5;1907-02-19;1.4;10;0;0;0
1907-03;12.4;1907-03-20;6.5;0;0;0;0
1907-04;15.3;1907-04-24;11.5;0;0;0;0
1907-05;29.8;1907-05-09;23.8;0;16;0;0
1907-06;30.6;1907-06-29;25.0;0;16;2;0
1907-07;33.0;1907-07-02;25.3;0;15;2;0
1907-08;31.1;1907-08-06;26.0;0;20;3;0
1907-09;28.1;1907-09-03;21.3;0;3;0;0
1907-10;25.8;1907-10-10;20.6;0;1;0;0
1907-11;15.8;1907-11-01;6.9;0;0;0;0
1907-12;10.4;1907-12-10;5.2;2;0;0;0
1908-01;11.4;1908-01-28;0.5;13;0;0;0
1908-02;9.0;1908-02-23;4.7;1;0;0;0
1908-03;14.0;1908-03-31;8.1;0;0;0;0
1908-04;19.6;1908-04-25;14.2;0;0;0;0
1908-05;31.5;1908-05-31;24.4;0;14;3;0
1908-06;35.1;1908-06-20;27.3;0;23;5;1
1908-07;33.9;1908-07-14;27.7;0;27;5;0
1908-08;29.9;1908-08-30;23.9;0;12;0;0
1908-09;26.2;1908-09-11;20.0;0;1;0;0
1908-10;23.7;1908-10-05;15.2;0;0;0;0
1908-11;11.6;1908-11-01;3.9;4;0;0;0
1908-12;8.8;1908-12-03;2.0;11;0;0;0
1909-01;6.6;1909-01-15;0.2;15;0;0;0
1909-02;6.5;1909-02-05;0.8;12;0;0;0
1909-03;17.9;1909-03-30;8.2;0;0;0;0
1909-04;26.4;1909-04-26;16.8;0;3;0;0
1909-05;29.0;1909-05-17;20.5;0;6;0;0
1909-06;30.0;1909-06-22;24.8;0;14;1;0
1909-07;33.9;1909-07-26;25.6;0;19;5;0
1909-08;32.3;1909-08-02;27.1;0;24;5;0
1909-09;25.1;1909-09-10;21.8;0;3;0;0
1909-10;22.9;1909-10-06;18.0;0;0;0;0
1909-11;16.1;1909-11-15;7.3;1;0;0;0
1909-12;12.6;1909-12-05;6.1;2;0;0;0
1910-01;7.0;1910-01-18;3.4;2;0;0;0
1910-02;13.5;1910-02-25;7.4;0;0;0;0
1910-03;17.0;1910-03-13;11.6;0;0;0;0
1910-04;22.0;1910-04-18;15.2;0;0;0;0
1910-05;28.7;1910-05-19;21.0;0;8;0;0
1910-06;29.6;1910-06-30;25.6;0;18;0;0
1910-07;33.8;1910-07-22;25.6;0;17;6;0
1910-08;34.9;1910-08-22;25.9;0;18;5;0
1910-09;25.0;1910-09-11;19.1;0;2;0;0
1910-10;21.6;1910-10-01;14.9;0;0;0;0
1910-11;14.8;1910-11-01;6.7;1;0;0;0
1910-12;10.5;1910-12-15;5.3;1;0;0;0
1911-01;7.5;1911-01-27;3.2;5;0;0;0
1911-02;11.9;1911-02-19;2.9;11;0;0;0
1911-03;22.1;1911-03-29;10.1;0;0;0;0
1911-04;25.7;1911-04-23;15.7;0;1;0;0
1911-05;29.0;1911-05-16;21.1;0;8;0;0
1911-06;31.9;1911-06-26;23.7;0;11;2;0
1911-07;34.1;1911-07-25;28.0;0;21;9;0
1911-08;32.8;1911-08-23;28.0;0;27;9;0
1911-09;31.6;1911-09-09;23.2;0;10;2;0
1911-10;23.1;1911-10-08;15.8;0;0;0;0
1911-11;18.5;1911-11-22;10.8;0;0;0;0
1911-12;8.4;1911-12-21;5.2;0;0;0;0
1912-01;9.7;1912-01-07;0.1;15;0;0;0
1912-02;14.4;1912-02-27;6.5;4;0;0;0
1912-03;21.2;1912-03-27;12.6;0;0;0;0
1912-04;21.3;1912-04-09;14.1;0;0;0;0
1912-05;30.9;1912-05-13;21.1;0;5;1;0
1912-06;30.6;1912-06-08;25.8;0;17;1;0
1912-07;33.3;1912-07-29;27.0;0;25;2;0
1912-08;31.8;1912-08-05;24.9;0;13;3;0
1912-09;21.1;1912-09-05;15.3;0;0;0;0
1912-10;23.8;1912-10-03;12.6;0;0;0;0
1912-11;13.0;1912-11-01;5.4;0;0;0;0
1912-12;12.8;1912-12-15;5.0;4;0;0;0
1913-01;7.9;1913-01-25;0.4;17;0;0;0
1913-02;11.8;1913-02-05;4.0;4;0;0;0
1913-03;23.0;1913-03-23;13.8;1;0;0;0
1913-04;27.8;1913-04-29;16.0;0;4;0;0
1913-05;29.5;1913-05-31;20.3;0;6;0;0
1913-06;31.2;1913-06-04;24.0;0;13;2;0
1913-07;28.5;1913-07-15;23.2;0;9;0;0
1913-08;29.7;1913-08-05;24.6;0;13;0;0
1913-09;28.8;1913-09-01;21.5;0;8;0;0
1913-10;25.0;1913-10-08;17.6;0;1;0;0
1913-11;19.7;1913-11-01;10.5;0;0;0;0
1913-12;15.2;1913-12-01;5.5;0;0;0;0
1914-01;7.4;1914-01-05;-0.7;18;0;0;0
1914-02;17.8;1914-02-27;2.6;14;0;0;0
1914-03;19.5;1914-03-10;11.4;0;0;0;0
1914-04;25.6;1914-04-30;19.6;0;1;0;0
1914-05;27.8;1914-05-27;21.1;0;6;0;0
1914-06;29.0;1914-06-27;24.0;0;14;0;0
1914-07;33.2;1914-07-23;26.0;0;18;6;0
1914-08;31.6;1914-08-13;27.3;0;26;4;0
1914-09;29.2;1914-09-11;20.4;0;9;0;0
1914-10;20.6;1914-10-19;14.5;0;0;0;0
1914-11;15.5;1914-11-05;6.4;3;0;0;0
1914-12;12.3;1914-12-15;5.5;0;0;0;0
1915-01;9.8;1915-01-17;4.5;4;0;0;0
1915-02;12.4;1915-02-21;5.3;3;0;0;0
1915-03;15.0;1915-03-25;7.1;1;0;0;0
1915-04;24.9;1915-04-27;16.3;0;0;0;0
1915-05;29.2;1915-05-19;22.8;0;8;0;0
1915-06;32.3;1915-06-12;26.4;0;19;7;0
1915-07;32.3;1915-07-08;26.2;0;22;4;0
1915-08;29.8;1915-08-28;25.0;0;17;0;0
1915-09;24.5;1915-09-30;19.7;0;0;0;0
1915-10;22.0;1915-10-01;12.8;0;0;0;0
1915-11;15.1;1915-11-13;6.3;4;0;0;0
1915-12;15.7;1915-12-11;7.7;2;0;0;0
1916-01;13.9;1916-01-08;6.6;0;0;0;0
1916-02;10.0;1916-02-15;4.2;3;0;0;0
1916-03;20.3;1916-03-30;14.0;0;0;0;0
1916-04;22.5;1916-04-07;16.9;0;0;0;0
1916-05;28.7;1916-05-26;22.7;0;7;0;0
1916-06;30.9;1916-06-10;23.9;0;12;1;0
1916-07;34.2;1916-07-04;27.0;0;23;6;0
1916-08;33.7;1916-08-17;27.2;0;21;7;0
1916-09;27.5;1916-09-04;21.1;0;7;0;0
1916-10;26.0;1916-10-15;15.5;0;4;0;0
1916-11;18.0;1916-11-10;9.8;1;0;0;0
1916-12;11.8;1916-12-30;6.5;0;0;0;0
1917-01;14.0;1917-01-04;3.2;9;0;0;0
1917-02;6.5;1917-02-25;0.5;15;0;0;0
1917-03;18.0;1917-03-31;8.0;0;0;0;0
1917-04;23.8;1917-04-30;14.1;0;0;0;0
1917-05;29.5;1917-05-25;23.7;0;12;0;0
1917-06;33.7;1917-06-29;28.7;0;27;10;0
1917-07;36.3;1917-07-31;29.3;0;28;10;2
1917-08;36.4;1917-08-02;30.1;0;30;17;2
1917-09;35.2;1917-09-20;26.4;0;18;5;1
1917-10;25.4;1917-10-04;17.3;0;1;0;0
1917-11;14.8;1917-11-29;10.5;0;0;0;0
1917-12;7.8;1917-12-02;1.3;12;0;0;0
1918-01;13.5;1918-01-23;4.5;3;0;0;0
1918-02;14.8;1918-02-11;5.1;5;0;0;0
1918-03;19.5;1918-03-24;12.4;0;0;0;0
1918-04;24.0;1918-04-27;20.0;0;0;0;0
1918-05;30.2;1918-05-21;22.3;0;7;2;0
1918-06;34.8;1918-06-18;23.7;0;10;2;0
1918-07;35.2;1918-07-18;26.9;0;20;10;1
1918-08;34.5;1918-08-23;25.9;0;20;4;0
1918-09;32.9;1918-09-25;24.7;0;15;2;0
1918-10;22.2;1918-10-14;16.1;0;0;0;0
1918-11;13.8;1918-11-10;5.9;2;0;0;0
1918-12;10.4;1918-12-30;4.0;1;0;0;0
1919-01;12.8;1919-01-08;4.5;0;0;0;0
1919-02;14.8;1919-02-18;5.1;7;0;0;0
1919-03;18.2;1919-03-27;11.2;0;0;0;0
1919-04;24.0;1919-04-20;15.3;0;0;0;0
1919-05;24.2;1919-05-13;17.4;0;0;0;0
1919-06;31.8;1919-06-20;24.4;0;13;5;0
1919-07;32.0;1919-07-08;25.3;0;19;3;0
1919-08;33.6;1919-08-21;27.2;0;21;8;0
1919-09;30.6;1919-09-15;26.2;0;21;4;0
1919-10;26.1;1919-10-01;14.7;0;2;0;0
1919-11;13.2;1919-11-07;5.8;3;0;0;0
1919-12;8.4;1919-12-01;3.3;2;0;0;0
1920-01;15.1;1920-01-14;5.9;3;0;0;0
1920-02;14.3;1920-02-27;7.2;1;0;0;0
1920-03;23.0;1920-03-08;13.6;0;0;0;0
1920-04;30.2;1920-04-19;20.4;0;3;1;0
1920-05;31.2;1920-05-21;24.7;0;18;3;0
1920-06;30.5;1920-06-30;23.2;0;11;1;0
1920-07;34.9;1920-07-19;28.2;0;24;13;0
1920-08;30.8;1920-08-04;24.9;0;19;3;0
1920-09;31.5;1920-09-24;23.1;0;9;5;0
1920-10;24.0;1920-10-03;14.3;0;0;0;0
1920-11;10.1;1920-11-09;3.5;5;0;0;0
1920-12;12.0;1920-12-31;4.5;2;0;0;0
1921-01;13.8;1921-01-30;7.7;1;0;0;0
1921-02;10.8;1921-02-02;5.6;0;0;0;0
1921-03;25.4;1921-03-25;15.6;0;1;0;0
1921-04;23.5;1921-04-13;16.4;0;0;0;0
1921-05;29.8;1921-05-20;24.2;0;17;0;0
1921-06;33.7;1921-06-04;23.7;0;12;5;0
1921-07;37.6;1921-07-29;29.7;0;25;13;6
1921-08;38.7;1921-08-12;29.3;0;25;10;5
1921-09;32.1;1921-09-16;24.1;0;14;2;0
1921-10;26.1;1921-10-04;19.0;0;2;0;0
1921-11;13.0;1921-11-06;4.9;5;0;0;0
1921-12;11.5;1921-12-22;3.2;7;0;0;0
1922-01;9.2;1922-01-02;1.0;14;0;0;0
1922-02;10.8;1922-02-25;0.9;14;0;0;0
1922-03;19.0;1922-03-10;12.0;0;0;0;0
1922-04;26.0;1922-04-30;14.9;0;1;0;0
1922-05;31.7;1922-05-27;23.0;0;11;1;0
1922-06;31.5;1922-06-11;26.5;0;22;3;0
1922-07;36.2;1922-07-11;28.2;0;21;14;2
1922-08;36.7;1922-08-15;28.4;0;23;11;1
1922-09;29.4;1922-09-01;19.2;0;3;0;0
1922-10;19.7;1922-10-06;12.1;0;0;0;0
1922-11;15.1;1922-11-01;6.3;1;0;0;0
1922-12;9.6;1922-12-31;2.6;7;0;0;0
1923-01;8.9;1923-01-02;3.8;2;0;0;0
1923-02;12.8;1923-02-04;3.9;3;0;0;0
1923-03;21.6;1923-03-26;12.2;0;0;0;0
1923-04;23.3;1923-04-14;14.7;0;0;0;0
1923-05;32.4;1923-05-31;24.3;0;14;2;0
1923-06;31.6;1923-06-01;22.2;0;7;1;0
1923-07;34.6;1923-07-15;28.7;0;28;10;0
1923-08;35.1;1923-08-10;28.5;0;26;10;1
1923-09;33.0;1923-09-01;24.3;0;11;2;0
1923-10;26.4;1923-10-01;19.5;0;3;0;0
1923-11;16.6;1923-11-01;10.0;0;0;0;0
1923-12;11.3;1923-12-10;3.5;11;0;0;0
1924-01;6.8;1924-01-12;-0.2;18;0;0;0
1924-02;7.6;1924-02-05;2.1;7;0;0;0
1924-03;17.2;1924-03-25;8.7;1;0;0;0
1924-04;24.1;1924-04-26;13.9;0;0;0;0
1924-05;30.7;1924-05-28;24.4;0;19;4;0
1924-06;30.6;1924-06-21;25.4;0;18;3;0
1924-07;34.1;1924-07-05;26.9;0;24;6;0
1924-08;30.4;1924-08-08;25.3;0;17;2;0
1924-09;30.3;1924-09-25;24.5;0;15;2;0
1924-10;25.0;1924-10-05;16.6;0;1;0;0
1924-11;20.5;1924-11-03;7.1;1;0;0;0
1924-12;9.7;1924-12-05;2.1;12;0;0;0
1925-01;12.6;1925-01-04;3.0;10;0;0;0
1925-02;17.7;1925-02-15;10.2;0;0;0;0
1925-03;19.4;1925-03-27;10.1;0;0;0;0
1925-04;21.5;1925-04-11;18.0;0;0;0;0
1925-05;30.5;1925-05-16;23.7;0;16;2;0
1925-06;31.6;1925-06-12;24.1;0;8;4;0
1925-07;30.9;1925-07-30;27.6;0;28;2;0
1925-08;32.2;1925-08-19;26.6;0;18;11;0
1925-09;29.3;1925-09-24;20.5;0;6;0;0
1925-10;26.4;1925-10-03;17.6;0;3;0;0
1925-11;16.2;1925-11-09;8.6;1;0;0;0
1925-12;13.5;1925-12-31;0.8;15;0;0;0
1926-01;11.7;1926-01-01;2.7;7;0;0;0
1926-02;13.3;1926-02-22;7.8;0;0;0;0
1926-03;24.1;1926-03-30;10.2;0;0;0;0
1926-04;26.4;1926-04-24;19.2;0;2;0;0
1926-05;26.7;1926-05-31;21.4;0;6;0;0
1926-06;29.1;1926-06-13;22.9;0;9;0;0
1926-07;31.5;1926-07-20;26.0;0;22;4;0
1926-08;30.5;1926-08-22;25.2;0;18;1;0
1926-09;30.5;1926-09-12;24.8;0;16;1;0
1926-10;25.0;1926-10-16;18.0;0;1;0;0
1926-11;21.5;1926-11-01;14.4;0;0;0;0
1926-12;9.7;1926-12-06;4.5;5;0;0;0
1927-01;8.7;1927-01-13;4.7;1;0;0;0
1927-02;17.2;1927-02-28;4.5;4;0;0;0
1927-03;22.5;1927-03-22;13.5;0;0;0;0
1927-04;27.8;1927-04-30;16.5;0;2;0;0
1927-05;29.1;1927-05-31;20.8;0;6;0;0
1927-06;35.1;1927-06-02;27.5;0;20;10;1
1927-07;35.2;1927-07-09;28.8;0;28;11;1
1927-08;34.6;1927-08-03;28.1;0;23;13;0
1927-09;30.5;1927-09-25;23.4;0;12;1;0
1927-10;22.6;1927-10-03;16.2;0;0;0;0
1927-11;22.6;1927-11-04;9.2;1;0;0;0
1927-12;6.2;1927-12-06;-0.9;15;0;0;0
1928-01;6.4;1928-01-09;1.8;6;0;0;0
1928-02;13.5;1928-02-09;5.8;1;0;0;0
1928-03;19.6;1928-03-31;9.1;0;0;0;0
1928-04;24.1;1928-04-11;17.6;0;0;0;0
1928-05;26.8;1928-05-31;18.9;0;1;0;0
1928-06;34.0;1928-06-26;25.3;0;15;3;0
1928-07;38.4;1928-07-17;31.8;0;31;23;7
1928-08;35.6;1928-08-30;30.2;0;28;16;5
1928-09;34.7;1928-09-09;23.5;0;10;6;0
1928-10;23.5;1928-10-29;17.1;0;0;0;0
1928-11;22.2;1928-11-02;11.0;0;0;0;0
1928-12;8.7;1928-12-11;2.4;7;0;0;0
1929-01;3.3;1929-01-29;-0.9;14;0;0;0
1929-02;4.8;1929-02-26;-4.0;23;0;0;0
1929-03;15.4;1929-03-27;7.2;3;0;0;0
1929-04;21.6;1929-04-20;12.8;0;0;0;0
1929-05;29.2;1929-05-29;23.4;0;14;0;0
1929-06;30.2;1929-06-17;24.1;0;13;1;0
1929-07;36.8;1929-07-24;28.9;0;26;11;3
1929-08;34.6;1929-08-12;30.0;0;29;16;0
1929-09;34.3;1929-09-02;24.7;0;11;7;0
1929-10;26.6;1929-10-03;18.6;0;6;0;0
1929-11;17.4;1929-11-02;9.7;0;0;0;0
1929-12;12.5;1929-12-15;5.4;4;0;0;0
1930-01;8.9;1930-01-14;2.1;10;0;0;0
1930-02;10.6;1930-02-04;5.3;0;0;0;0
1930-03;18.5;1930-03-18;12.5;0;0;0;0
1930-04;27.6;1930-04-26;17.5;0;2;0;0
1930-05;29.7;1930-05-30;21.3;0;6;0;0
1930-06;33.9;1930-06-27;28.4;0;26;13;0
1930-07;34.5;1930-07-04;28.3;0;25;14;0
1930-08;33.4;1930-08-22;26.8;0;22;8;0
1930-09;31.1;1930-09-13;24.5;0;13;2;0
1930-10;23.7;1930-10-09;16.4;0;0;0;0
1930-11;17.7;1930-11-21;11.8;0;0;0;0
1930-12;12.0;1930-12-01;3.3;3;0;0;0
1931-01;9.3;1931-01-05;2.7;6;0;0;0
1931-02;14.2;1931-02-20;4.6;3;0;0;0
1931-03;18.2;1931-03-24;6.8;2;0;0;0
1931-04;21.0;1931-04-26;14.5;0;0;0;0
1931-05;31.2;1931-05-28;25.5;0;17;4;0
1931-06;34.1;1931-06-18;28.6;0;25;10;0
1931-07;37.4;1931-07-15;30.2;0;29;17;4
1931-08;35.1;1931-08-07;26.5;0;17;7;2
1931-09;30.6;1931-09-04;17.9;0;3;1;0
1931-10;23.4;1931-10-07;16.0;0;0;0;0
1931-11;15.4;1931-11-10;7.9;0;0;0;0
1931-12;10.5;1931-12-05;2.9;9;0;0;0
1932-01;10.3;1932-01-04;1.0;15;0;0;0
1932-02;7.0;1932-02-05;1.8;6;0;0;0
1932-03;11.4;1932-03-30;5.6;1;0;0;0
1932-04;23.3;1932-04-05;16.6;0;0;0;0
1932-05;30.5;1932-05-22;23.0;0;11;1;0
1932-06;30.4;1932-06-21;24.1;0;10;2;0
1932-07;35.8;1932-07-08;29.8;0;29;17;1
1932-08;34.1;1932-08-02;28.8;0;25;17;0
1932-09;32.6;1932-09-10;28.0;0;26;10;0
1932-10;30.8;1932-10-01;17.7;0;3;1;0
1932-11;15.5;1932-11-04;8.4;0;0;0;0
1932-12;15.2;1932-12-03;2.3;13;0;0;0
1933-01;4.1;1933-01-31;-0.6;18;0;0;0
1933-02;12.5;1933-02-06;5.3;0;0;0;0
1933-03;20.9;1933-03-29;12.6;0;0;0;0
1933-04;23.9;1933-04-30;14.6;0;0;0;0
1933-05;26.4;1933-05-01;20.9;0;5;0;0
1933-06;31.2;1933-06-22;23.6;0;9;1;0
1933-07;37.2;1933-07-16;29.0;0;24;14;4
1933-08;36.9;1933-08-11;28.2;0;23;13;2
1933-09;28.5;1933-09-22;23.4;0;11;0;0
1933-10;26.4;1933-10-02;16.3;0;2;0;0
1933-11;15.2;1933-11-19;8.3;0;0;0;0
1933-12;8.3;1933-12-31;-1.5;19;0;0;0
1934-01;6.3;1934-01-01;0.8;12;0;0;0
1934-02;15.3;1934-02-27;6.0;2;0;0;0
1934-03;21.5;1934-03-25;15.0;0;0;0;0
1934-04;29.9;1934-04-29;20.2;0;8;0;0
1934-05;30.9;1934-05-02;25.4;0;18;3;0
1934-06;32.8;1934-06-25;24.6;0;12;3;0
1934-07;33.4;1934-07-22;28.1;0;27;8;0
1934-08;35.4;1934-08-04;28.1;0;27;7;1
1934-09;27.8;1934-09-29;24.8;0;21;0;0
1934-10;28.0;1934-10-01;17.0;0;5;0;0
1934-11;17.7;1934-11-17;10.7;0;0;0;0
1934-12;10.7;1934-12-15;6.6;0;0;0;0
1935-01;6.2;1935-01-25;0.5;14;0;0;0
1935-02;13.7;1935-02-17;4.4;7;0;0;0
1935-03;21.4;1935-03-22;10.1;2;0;0;0
1935-04;25.3;1935-04-11;17.0;0;1;0;0
1935-05;28.3;1935-05-23;21.1;0;5;0;0
1935-06;39.5;1935-06-28;28.1;0;23;11;2
1935-07;33.3;1935-07-16;28.0;0;25;12;0
1935-08;33.9;1935-08-14;26.2;0;19;4;0
1935-09;29.5;1935-09-03;23.4;0;12;0;0
1935-10;29.5;1935-10-05;19.6;0;9;0;0
1935-11;15.0;1935-11-10;8.1;0;0;0;0
1935-12;7.7;1935-12-02;3.4;1;0;0;0
1936-01;13.0;1936-01-27;6.1;0;0;0;0
1936-02;12.4;1936-02-29;5.3;3;0;0;0
1936-03;20.7;1936-03-26;13.7;0;0;0;0
1936-04;23.9;1936-04-29;16.5;0;0;0;0
1936-05;28.0;1936-05-13;22.8;0;10;0;0
1936-06;31.5;1936-06-24;25.1;0;18;5;0
1936-07;37.0;1936-07-28;29.7;0;28;18;2
1936-08;30.1;1936-08-20;25.4;0;18;1;0
1936-09;30.0;1936-09-04;22.5;0;11;1;0
1936-10;20.2;1936-10-18;11.3;0;0;0;0
1936-11;17.5;1936-11-13;7.8;5;0;0;0
1936-12;8.4;1936-12-20;2.5;5;0;0;0
1937-01;9.6;1937-01-04;0.2;19;0;0;0
1937-02;14.1;1937-02-28;4.4;1;0;0;0
1937-03;21.0;1937-03-20;11.6;0;0;0;0
1937-04;20.2;1937-04-15;14.6;0;0;0;0
1937-05;30.7;1937-05-21;25.1;0;17;2;0
1937-06;34.7;1937-06-11;26.9;0;20;7;0
1937-07;31.5;1937-07-24;27.4;0;25;11;0
1937-08;32.6;1937-08-14;26.6;0;23;7;0
1937-09;30.3;1937-09-19;24.2;0;14;1;0
1937-10;24.5;1937-10-03;17.2;0;0;0;0
1937-11;16.2;1937-11-01;7.8;0;0;0;0
1937-12;12.7;1937-12-10;3.3;10;0;0;0
1938-01;9.5;1938-01-14;2.0;9;0;0;0
1938-02;13.7;1938-02-28;7.0;0;0;0;0
1938-03;23.3;1938-03-22;15.3;0;0;0;0
1938-04;23.7;1938-04-03;13.8;0;0;0;0
1938-05;27.8;1938-05-17;20.2;0;3;0;0
1938-06;34.5;1938-06-29;27.6;0;22;10;0
1938-07;34.4;1938-07-02;28.5;0;27;12;0
1938-08;35.5;1938-08-03;26.6;0;21;8;1
1938-09;25.8;1938-09-10;22.2;0;5;0;0
1938-10;25.3;1938-10-10;17.2;0;1;0;0
1938-11;16.4;1938-11-07;10.3;0;0;0;0
1938-12;10.0;1938-12-03;2.1;11;0;0;0
1939-01;11.4;1939-01-18;3.9;3;0;0;0
1939-02;14.0;1939-02-13;7.6;0;0;0;0
1939-03;15.2;1939-03-30;7.8;0;0;0;0
1939-04;27.6;1939-04-08;20.5;0;6;0;0
1939-05;26.6;1939-05-19;20.5;0;3;0;0
1939-06;31.1;1939-06-30;26.8;0;27;4;0
1939-07;35.3;1939-07-22;28.9;0;26;15;2
1939-08;35.8;1939-08-06;27.9;0;26;9;2
1939-09;30.5;1939-09-12;23.4;0;12;1;0
1939-10;24.0;1939-10-15;13.8;0;0;0;0
1939-11;13.2;1939-11-08;8.2;0;0;0;0
1939-12;13.2;1939-12-01;3.2;7;0;0;0
1940-01;2.5;1940-01-26;-3.7;28;0;0;0
1940-02;8.0;1940-02-25;-1.2;14;0;0;0
1940-03;19.1;1940-03-27;6.6;3;0;0;0
1940-04;26.9;1940-04-21;16.9;0;6;0;0
1940-05;28.1;1940-05-26;19.2;0;6;0;0
1940-06;29.8;1940-06-29;24.5;0;14;0;0
1940-07;32.3;1940-07-08;26.7;0;22;3;0
1940-08;30.6;1940-08-10;23.5;0;14;2;0
1940-09;28.4;1940-09-08;21.6;0;10;0;0
1940-10;24.7;1940-10-03;15.3;0;0;0;0
1940-11;19.9;1940-11-15;11.2;0;0;0;0
1940-12;7.9;1940-12-08;-0.6;19;0;0;0
1941-01;7.8;1941-01-25;0.3;17;0;0;0
1941-02;12.5;1941-02-18;5.3;2;0;0;0
1941-03;18.6;1941-03-31;10.4;0;0;0;0
1941-04;25.9;1941-04-06;14.8;0;1;0;0
1941-05;27.8;1941-05-28;18.9;0;5;0;0
1941-06;32.2;1941-06-26;24.2;0;14;2;0
1941-07;32.3;1941-07-14;26.4;0;20;3;0
1941-08;33.4;1941-08-19;26.5;0;19;7;0
1941-09;28.9;1941-09-07;21.2;0;5;0;0
1941-10;25.6;1941-10-05;14.7;0;1;0;0
1941-11;9.5;1941-11-08;4.8;1;0;0;0
1941-12;15.4;1941-12-16;5.0;7;0;0;0
1942-01;1.8;1942-01-06;-6.2;28;0;0;0
1942-02;10.8;1942-02-26;0.7;11;0;0;0
1942-03;18.0;1942-03-26;6.7;1;0;0;0
1942-04;20.4;1942-04-24;14.4;0;0;0;0
1942-05;31.3;1942-05-29;21.8;0;9;2;0
1942-06;30.5;1942-06-08;25.1;0;16;4;0
1942-07;33.6;1942-07-10;27.1;0;21;8;0
1942-08;34.4;1942-08-31;27.8;0;24;11;0
1942-09;34.1;1942-09-01;27.8;0;24;9;0
1942-10;28.9;1942-10-01;19.0;0;6;0;0
1942-11;19.6;1942-11-02;7.5;1;0;0;0
1942-12;11.8;1942-12-21;4.6;1;0;0;0
1943-01;3.8;1943-01-24;-1.9;20;0;0;0
1943-02;13.0;1943-02-24;7.3;0;0;0;0
1943-03;20.3;1943-03-28;13.5;0;0;0;0
1943-04;28.0;1943-04-19;18.6;0;5;0;0
1943-05;28.9;1943-05-15;20.9;0;4;0;0
1943-06;31.4;1943-06-23;23.3;0;8;2;0
1943-07;34.7;1943-07-20;27.9;0;23;10;0
1943-08;39.0;1943-08-21;30.9;0;28;18;5
1943-09;31.9;1943-09-15;25.1;0;20;2;0
1943-10;27.5;1943-10-02;20.5;0;6;0;0
1943-11;15.2;1943-11-01;7.9;0;0;0;0
1943-12;8.2;1943-12-01;3.1;2;0;0;0
1944-01;13.2;1944-01-28;5.6;0;0;0;0
1944-02;15.2;1944-02-01;3.7;6;0;0;0
1944-03;8.9;1944-03-07;6.0;0;0;0;0
1944-04;26.6;1944-04-17;16.9;0;1;0;0
1944-05;31.6;1944-05-31;20.4;0;5;1;0
1944-06;29.4;1944-06-14;24.1;0;13;0;0
1944-07;31.8;1944-07-09;26.1;0;20;5;0
1944-08;33.4;1944-08-13;29.5;0;29;14;0
1944-09;31.5;1944-09-01;23.1;0;7;2;0
1944-10;24.1;1944-10-08;16.5;0;0;0;0
1944-11;14.8;1944-11-03;7.9;0;0;0;0
1944-12;10.4;1944-12-08;2.5;9;0;0;0
1945-01;3.2;1945-01-11;-1.5;22;0;0;0
1945-02;11.0;1945-02-28;4.6;2;0;0;0
1945-03;20.8;1945-03-26;11.1;1;0;0;0
1945-04;24.1;1945-04-03;17.9;0;0;0;0
1945-05;31.8;1945-05-13;24.3;0;14;6;0
1945-06;33.4;1945-06-08;26.6;0;21;6;0
1945-07;35.9;1945-07-27;28.1;0;25;12;2
1945-08;34.4;1945-08-09;27.7;0;26;6;0
1945-09;29.7;1945-09-19;23.0;0;11;0;0
1945-10;21.7;1945-10-11;15.4;0;0;0;0
1945-11;18.2;1945-11-01;7.6;0;0;0;0
1945-12;8.6;1945-12-26;3.6;1;0;0;0
1946-01;10.0;1946-01-12;0.1;18;0;0;0
1946-02;11.0;1946-02-09;5.7;0;0;0;0
1946-03;21.2;1946-03-31;12.6;0;0;0;0
1946-04;28.9;1946-04-30;21.4;0;7;0;0
1946-05;29.1;1946-05-04;25.4;0;19;0;0
1946-06;32.8;1946-06-10;27.0;0;20;8;0
1946-07;36.3;1946-07-28;30.0;0;28;18;3
1946-08;37.9;1946-08-10;29.9;0;26;18;6
1946-09;32.3;1946-09-06;25.7;0;16;4;0
1946-10;22.6;1946-10-02;12.7;0;0;0;0
1946-11;13.0;1946-11-02;8.0;0;0;0;0
1946-12;9.8;1946-12-02;1.9;14;0;0;0
1947-01;5.2;1947-01-16;-3.4;24;0;0;0
1947-02;7.4;1947-02-23;0.5;10;0;0;0
1947-03;19.8;1947-03-29;10.7;0;0;0;0
1947-04;28.0;1947-04-28;19.6;0;4;0;0
1947-05;30.4;1947-05-31;24.4;0;17;2;0
1947-06;34.9;1947-06-03;27.3;0;20;11;0
1947-07;35.9;1947-07-27;29.9;0;28;17;2
1947-08;37.3;1947-08-05;29.0;0;27;12;1
1947-09;34.9;1947-09-15;28.8;0;24;11;0
1947-10;26.8;1947-10-07;16.4;0;3;0;0
1947-11;17.2;1947-11-23;10.1;0;0;0;0
1947-12;13.5;1947-12-29;4.9;4;0;0;0
1948-01;13.9;1948-01-14;6.7;1;0;0;0
1948-02;11.6;1948-02-04;4.4;6;0;0;0
1948-03;20.6;1948-03-22;13.0;0;0;0;0
1948-04;25.3;1948-04-21;19.3;0;1;0;0
1948-05;30.6;1948-05-14;24.0;0;17;1;0
1948-06;29.8;1948-06-19;23.8;0;12;0;0
1948-07;33.3;1948-07-26;25.6;0;16;8;0
1948-08;36.9;1948-08-10;27.6;0;20;10;1
1948-09;32.1;1948-09-05;25.2;0;18;6;0
1948-10;26.8;1948-10-03;16.9;0;2;0;0
1948-11;16.9;1948-11-04;6.4;1;0;0;0
1948-12;4.8;1948-12-13;-0.7;20;0;0;0
1949-01;10.6;1949-01-20;4.2;0;0;0;0
1949-02;13.6;1949-02-23;7.3;2;0;0;0
1949-03;22.8;1949-03-28;9.7;3;0;0;0
1949-04;27.2;1949-04-25;20.1;0;4;0;0
1949-05;31.5;1949-05-31;23.4;0;13;3;0
1949-06;33.5;1949-06-10;24.0;0;9;4;0
1949-07;35.1;1949-07-29;27.3;0;24;9;1
1949-08;35.3;1949-08-02;26.7;0;19;8;1
1949-09;30.1;1949-09-03;24.9;0;12;2;0
1949-10;23.5;1949-10-01;18.3;0;0;0;0
1949-11;14.7;1949-11-27;9.5;0;0;0;0
1949-12;10.2;1949-12-05;5.6;1;0;0;0
1950-01;7.8;1950-01-16;0.2;16;0;0;0
1950-02;13.7;1950-02-26;5.1;5;0;0;0
1950-03;19.1;1950-03-29;13.2;0;0;0;0
1950-04;29.1;1950-04-21;17.5;0;2;0;0
1950-05;32.4;1950-05-26;24.5;0;11;5;0
1950-06;36.0;1950-06-30;27.5;0;21;7;1
1950-07;38.3;1950-07-01;30.3;0;28;17;6
1950-08;36.5;1950-08-26;29.2;0;26;16;3
1950-09;31.7;1950-09-12;23.1;0;10;3;0
1950-10;22.7;1950-10-01;14.3;0;0;0;0
1950-11;16.0;1950-11-12;8.3;0;0;0;0
1950-12;10.4;1950-12-16;5.3;3;0;0;0
1951-01;11.5;1951-01-12;4.7;3;0;0;0
1951-02;12.6;1951-02-07;7.5;1;0;0;0
1951-03;17.9;1951-03-18;10.1;0;0;0;0
1951-04;24.1;1951-04-26;17.5;0;0;0;0
1951-05;29.4;1951-05-27;21.2;0;4;0;0
1951-06;32.7;1951-06-24;25.5;0;15;6;0
1951-07;34.2;1951-07-12;27.8;0;23;8;0
1951-08;34.4;1951-08-05;28.9;0;27;13;0
1951-09;31.7;1951-09-07;23.7;0;16;5;0
1951-10;21.4;1951-10-01;15.5;0;0;0;0
1951-11;20.9;1951-11-12;11.3;0;0;0;0
1951-12;11.3;1951-12-01;4.3;6;0;0;0
1952-01;6.5;1952-01-02;2.9;1;0;0;0
1952-02;8.4;1952-02-12;3.6;0;0;0;0
1952-03;18.8;1952-03-31;7.4;1;0;0;0
1952-04;28.4;1952-04-24;21.1;0;8;0;0
1952-05;28.0;1952-05-02;20.8;0;10;0;0
1952-06;31.9;1952-06-18;25.8;0;17;4;0
1952-07;36.0;1952-07-05;30.1;0;29;18;2
1952-08;38.5;1952-08-15;30.2;0;26;18;6
1952-09;30.2;1952-09-06;20.3;0;4;1;0
1952-10;25.5;1952-10-01;14.6;0;1;0;0
1952-11;11.2;1952-11-19;6.6;0;0;0;0
1952-12;11.3;1952-12-15;2.3;5;0;0;0
1953-01;9.8;1953-01-29;3.1;6;0;0;0
1953-02;12.0;1953-02-23;5.0;2;0;0;0
1953-03;23.3;1953-03-30;12.9;0;0;0;0
1953-04;22.4;1953-04-03;17.9;0;0;0;0
1953-05;31.4;1953-05-25;20.5;0;10;2;0
1953-06;31.3;1953-06-23;25.2;0;20;2;0
1953-07;32.9;1953-07-18;28.9;0;28;13;0
1953-08;32.0;1953-08-21;25.7;0;18;2;0
1953-09;30.6;1953-09-03;24.0;0;14;1;0
1953-10;27.1;1953-10-18;18.0;0;6;0;0
1953-11;11.6;1953-11-15;7.1;0;0;0;0
1953-12;14.5;1953-12-01;3.2;8;0;0;0
1954-01;7.3;1954-01-16;-2.2;22;0;0;0
1954-02;7.0;1954-02-28;-1.5;19;0;0;0
1954-03;17.8;1954-03-19;10.3;0;0;0;0
1954-04;19.8;1954-04-05;13.1;0;0;0;0
1954-05;27.0;1954-05-29;21.1;0;6;0;0
1954-06;31.5;1954-06-21;26.4;0;21;6;0
1954-07;31.4;1954-07-01;24.9;0;15;4;0
1954-08;35.2;1954-08-15;27.5;0;23;10;1
1954-09;30.9;1954-09-05;24.3;0;16;7;0
1954-10;25.2;1954-10-19;15.7;0;1;0;0
1954-11;15.6;1954-11-01;7.6;2;0;0;0
1954-12;10.0;1954-12-29;5.9;0;0;0;0
1955-01;9.0;1955-01-17;1.2;10;0;0;0
1955-02;10.1;1955-02-06;4.0;2;0;0;0
1955-03;22.4;1955-03-25;8.1;0;0;0;0
1955-04;27.4;1955-04-30;13.8;0;1;0;0
1955-05;29.2;1955-05-02;20.9;0;5;0;0
1955-06;31.5;1955-06-20;24.5;0;16;1;0
1955-07;32.1;1955-07-03;25.8;0;22;4;0
1955-08;29.3;1955-08-23;25.1;0;17;0;0
1955-09;28.4;1955-09-09;22.6;0;11;0;0
1955-10;22.2;1955-10-11;15.4;0;0;0;0
1955-11;13.8;1955-11-09;7.5;0;0;0;0
1955-12;12.7;1955-12-07;5.8;1;0;0;0
1956-01;11.2;1956-01-22;4.1;5;0;0;0
1956-02;6.4;1956-02-29;-3.3;22;0;0;0
1956-03;18.3;1956-03-31;6.6;1;0;0;0
1956-04;24.8;1956-04-17;15.9;0;0;0;0
1956-05;27.3;1956-05-31;20.7;0;4;0;0
1956-06;29.7;1956-06-06;23.7;0;13;0;0
1956-07;32.5;1956-07-29;26.9;0;25;4;0
1956-08;33.5;1956-08-07;26.8;0;22;9;0
1956-09;32.1;1956-09-03;23.8;0;12;2;0
1956-10;27.0;1956-10-02;15.8;0;3;0;0
1956-11;9.0;1956-11-27;4.9;2;0;0;0
1956-12;10.4;1956-12-05;3.4;5;0;0;0
1957-01;8.0;1957-01-09;0.7;10;0;0;0
1957-02;13.4;1957-02-09;7.4;0;0;0;0
1957-03;22.1;1957-03-20;12.5;0;0;0;0
1957-04;26.9;1957-04-29;17.1;0;3;0;0
1957-05;25.5;1957-05-18;18.1;0;3;0;0
1957-06;33.5;1957-06-12;27.5;0;22;6;0
1957-07;37.2;1957-07-08;27.2;0;21;10;4
1957-08;33.2;1957-08-12;25.3;0;18;4;0
1957-09;28.6;1957-09-09;21.2;0;5;0;0
1957-10;23.5;1957-10-19;16.1;0;0;0;0
1957-11;17.8;1957-11-06;9.4;0;0;0;0
1957-12;14.3;1957-12-14;3.7;7;0;0;0
1958-01;10.7;1958-01-14;2.8;9;0;0;0
1958-02;17.5;1958-02-15;6.9;1;0;0;0
1958-03;16.0;1958-03-29;5.6;1;0;0;0
1958-04;21.2;1958-04-27;13.8;0;0;0;0
1958-05;33.3;1958-05-27;26.3;0;20;8;0
1958-06;30.2;1958-06-03;22.9;0;10;1;0
1958-07;35.3;1958-07-16;27.6;0;25;8;1
1958-08;34.9;1958-08-02;27.4;0;24;7;0
1958-09;30.4;1958-09-08;23.1;0;8;1;0
1958-10;24.2;1958-10-01;15.9;0;0;0;0
1958-11;14.1;1958-11-12;8.6;0;0;0;0
1958-12;12.1;1958-12-24;5.8;5;0;0;0
1959-01;8.6;1959-01-24;2.4;5;0;0;0
1959-02;15.6;1959-02-28;3.8;9;0;0;0
1959-03;21.2;1959-03-25;13.7;0;0;0;0
1959-04;23.0;1959-04-05;16.7;0;0;0;0
1959-05;27.9;1959-05-21;21.3;0;6;0;0
1959-06;29.5;1959-06-22;23.9;0;16;0;0
1959-07;35.5;1959-07-12;27.7;0;23;8;1
1959-08;31.0;1959-08-25;26.0;0;20;3;0
1959-09;27.5;1959-09-22;21.7;0;3;0;0
1959-10;22.0;1959-10-28;16.9;0;0;0;0
1959-11;13.5;1959-11-03;8.2;0;0;0;0
1959-12;11.0;1959-12-03;6.4;0;0;0;0
1960-01;9.0;1960-01-29;1.4;12;0;0;0
1960-02;15.0;1960-02-29;3.9;8;0;0;0
1960-03;17.1;1960-03-28;10.7;0;0;0;0
1960-04;22.0;1960-04-19;15.9;0;0;0;0
1960-05;29.2;1960-05-18;20.4;0;5;0;0
1960-06;28.9;1960-06-04;25.8;0;20;0;0
1960-07;34.5;1960-07-20;25.1;0;16;5;0
1960-08;34.0;1960-08-27;26.7;0;22;7;0
1960-09;27.8;1960-09-04;20.8;0;5;0;0
1960-10;21.5;1960-10-06;16.4;0;0;0;0
1960-11;18.1;1960-11-05;10.3;0;0;0;0
1960-12;12.2;1960-12-06;6.3;0;0;0;0
1961-01;8.9;1961-01-05;1.9;11;0;0;0
1961-02;9.5;1961-02-17;5.6;0;0;0;0
1961-03;22.9;1961-03-18;14.3;0;0;0;0
1961-04;27.3;1961-04-08;20.4;0;3;0;0
1961-05;25.9;1961-05-06;20.0;0;3;0;0
1961-06;33.8;1961-06-27;26.4;0;16;5;0
1961-07;34.0;1961-07-04;26.2;0;17;7;0
1961-08;36.7;1961-08-11;28.0;0;22;10;3
1961-09;31.6;1961-09-19;26.5;0;22;5;0
1961-10;23.3;1961-10-01;18.6;0;0;0;0
1961-11;15.9;1961-11-01;9.0;0;0;0;0
1961-12;15.4;1961-12-04;3.3;9;0;0;0
1962-01;12.1;1962-01-21;3.5;5;0;0;0
1962-02;9.4;1962-02-13;3.6;3;0;0;0
1962-03;16.7;1962-03-30;5.8;4;0;0;0
1962-04;27.7;1962-04-26;18.5;0;7;0;0
1962-05;27.6;1962-05-08;20.3;0;3;0;0
1962-06;33.6;1962-06-24;22.9;0;11;4;0
1962-07;33.7;1962-07-27;25.2;0;16;5;0
1962-08;34.3;1962-08-14;29.1;0;27;13;0
1962-09;30.8;1962-09-12;22.1;0;9;2;0
1962-10;24.9;1962-10-03;17.5;0;0;0;0
1962-11;15.6;1962-11-08;8.4;0;0;0;0
1962-12;7.6;1962-12-16;0.4;14;0;0;0
1963-01;4.5;1963-01-06;-3.1;24;0;0;0
1963-02;6.0;1963-02-18;-0.2;11;0;0;0
1963-03;15.7;1963-03-27;7.5;2;0;0;0
1963-04;25.3;1963-04-24;18.1;0;2;0;0
1963-05;27.8;1963-05-27;22.7;0;9;0;0
1963-06;35.4;1963-06-28;26.1;0;18;4;1
1963-07;33.7;1963-07-25;29.1;0;27;13;0
1963-08;34.4;1963-08-07;27.2;0;22;8;0
1963-09;28.6;1963-09-20;23.3;0;13;0;0
1963-10;22.1;1963-10-13;16.0;0;0;0;0
1963-11;21.2;1963-11-05;13.0;0;0;0;0
1963-12;4.7;1963-12-01;-0.8;18;0;0;0
1964-01;4.0;1964-01-23;-3.0;21;0;0;0
1964-02;8.9;1964-02-18;3.6;3;0;0;0
1964-03;16.2;1964-03-30;6.2;0;0;0;0
1964-04;24.2;1964-04-21;17.9;0;0;0;0
1964-05;28.7;1964-05-30;21.3;0;5;0;0
1964-06;31.4;1964-06-06;28.0;0;27;8;0
1964-07;34.3;1964-07-22;27.7;0;24;10;0
1964-08;31.6;1964-08-07;25.4;0;20;4;0
1964-09;29.0;1964-09-12;22.3;0;7;0;0
1964-10;20.8;1964-10-08;14.9;0;0;0;0
1964-11;14.3;1964-11-17;10.0;0;0;0;0
1964-12;8.0;1964-12-01;2.5;1;0;0;0
1965-01;8.8;1965-01-31;2.7;4;0;0;0
1965-02;8.7;1965-02-01;1.9;5;0;0;0
1965-03;18.3;1965-03-30;10.2;0;0;0;0
1965-04;20.6;1965-04-05;14.1;0;0;0;0
1965-05;28.4;1965-05-19;19.7;0;4;0;0
1965-06;33.9;1965-06-26;24.2;0;11;4;0
1965-07;32.8;1965-07-16;25.9;0;19;3;0
1965-08;31.8;1965-08-08;24.4;0;13;3;0
1965-09;28.4;1965-09-02;23.1;0;8;0;0
1965-10;26.9;1965-10-02;16.4;0;3;0;0
1965-11;18.4;1965-11-02;5.5;4;0;0;0
1965-12;9.3;1965-12-28;4.2;1;0;0;0
1966-01;10.0;1966-01-02;-0.3;21;0;0;0
1966-02;19.0;1966-02-22;10.6;0;0;0;0
1966-03;15.3;1966-03-23;10.7;0;0;0;0
1966-04;26.4;1966-04-29;18.7;0;2;0;0
1966-05;27.7;1966-05-04;22.2;0;10;0;0
1966-06;30.1;1966-06-18;25.0;0;15;1;0
1966-07;32.3;1966-07-05;26.2;0;19;5;0
1966-08;32.0;1966-08-15;25.5;0;17;6;0
1966-09;28.8;1966-09-13;22.2;0;5;0;0
1966-10;25.9;1966-10-07;20.1;0;6;0;0
1966-11;16.4;1966-11-05;7.8;1;0;0;0
1966-12;10.2;1966-12-02;4.6;0;0;0;0
1967-01;7.1;1967-01-27;1.1;10;0;0;0
1967-02;14.0;1967-02-27;6.2;1;0;0;0
1967-03;19.0;1967-03-10;11.8;0;0;0;0
1967-04;24.4;1967-04-10;16.6;0;0;0;0
1967-05;28.0;1967-05-15;22.4;0;5;0;0
1967-06;33.5;1967-06-26;24.8;0;15;6;0
1967-07;33.5;1967-07-23;29.3;0;30;15;0
1967-08;34.0;1967-08-05;27.5;0;24;8;0
1967-09;30.5;1967-09-06;24.1;0;12;4;0
1967-10;24.3;1967-10-17;18.5;0;0;0;0
1967-11;13.6;1967-11-10;8.6;0;0;0;0
1967-12;10.5;1967-12-24;3.1;6;0;0;0
1968-01;10.0;1968-01-17;1.7;9;0;0;0
1968-02;16.2;1968-02-23;6.8;0;0;0;0
1968-03;24.5;1968-03-31;11.7;0;0;0;0
1968-04;28.9;1968-04-24;19.6;0;7;0;0
1968-05;34.0;1968-05-12;23.3;0;11;1;0
1968-06;34.4;1968-06-18;27.2;0;23;7;0
1968-07;37.4;1968-07-11;27.4;0;21;11;2
1968-08;29.5;1968-08-04;25.2;0;15;0;0
1968-09;28.3;1968-09-04;21.8;0;10;0;0
1968-10;25.0;1968-10-14;16.7;0;1;0;0
1968-11;20.0;1968-11-02;10.2;0;0;0;0
1968-12;7.9;1968-12-20;1.1;12;0;0;0
1969-01;9.0;1969-01-31;0.2;17;0;0;0
1969-02;8.4;1969-02-02;2.8;4;0;0;0
1969-03;17.8;1969-03-14;7.7;0;0;0;0
1969-04;28.7;1969-04-28;16.9;0;4;0;0
1969-05;32.0;1969-05-14;25.3;0;18;6;0
1969-06;30.5;1969-06-19;23.9;0;14;1;0
1969-07;35.0;1969-07-27;27.7;0;24;9;1
1969-08;31.7;1969-08-14;25.1;0;16;6;0
1969-09;26.5;1969-09-01;22.8;0;5;0;0
1969-10;22.6;1969-10-12;18.0;0;0;0;0
1969-11;19.6;1969-11-14;11.9;0;0;0;0
1969-12;6.3;1969-12-10;0.4;12;0;0;0
1970-01;7.2;1970-01-06;0.8;17;0;0;0
1970-02;10.6;1970-02-06;3.6;5;0;0;0
1970-03;17.2;1970-03-24;8.4;0;0;0;0
1970-04;24.7;1970-04-20;15.8;0;0;0;0
1970-05;25.2;1970-05-15;19.9;0;1;0;0
1970-06;32.3;1970-06-23;25.8;0;19;4;0
1970-07;32.3;1970-07-24;26.3;0;20;8;0
1970-08;31.5;1970-08-06;26.1;0;18;4;0
1970-09;30.3;1970-09-11;21.9;0;9;1;0
1970-10;25.1;1970-10-09;16.0;0;1;0;0
1970-11;20.4;1970-11-03;11.5;0;0;0;0
1970-12;10.6;1970-12-02;3.7;3;0;0;0
1971-01;10.2;1971-01-28;1.8;12;0;0;0
1971-02;11.1;1971-02-18;6.3;2;0;0;0
1971-03;21.3;1971-03-21;7.9;7;0;0;0
1971-04;23.0;1971-04-23;17.5;0;0;0;0
1971-05;30.2;1971-05-17;24.2;0;16;1;0
1971-06;28.5;1971-06-15;24.4;0;13;0;0
1971-07;32.5;1971-07-28;27.6;0;23;11;0
1971-08;34.4;1971-08-07;28.8;0;25;15;0
1971-09;27.3;1971-09-05;20.7;0;2;0;0
1971-10;22.5;1971-10-04;16.5;0;0;0;0
1971-11;16.5;1971-11-05;8.3;1;0;0;0
1971-12;14.1;1971-12-22;6.5;1;0;0;0
1972-01;5.0;1972-01-08;1.8;9;0;0;0
1972-02;11.6;1972-02-28;6.6;2;0;0;0
1972-03;21.0;1972-03-31;14.3;0;0;0;0
1972-04;24.2;1972-04-08;17.7;0;0;0;0
1972-05;27.7;1972-05-26;21.7;0;6;0;0
1972-06;31.1;1972-06-12;26.3;0;22;1;0
1972-07;33.5;1972-07-16;27.7;0;23;10;0
1972-08;34.9;1972-08-16;25.0;0;13;7;0
1972-09;26.6;1972-09-08;19.6;0;5;0;0
1972-10;20.5;1972-10-06;14.0;0;0;0;0
1972-11;16.2;1972-11-07;9.4;0;0;0;0
1972-12;11.0;1972-12-03;4.0;3;0;0;0
1973-01;7.9;1973-01-31;2.4;6;0;0;0
1973-02;10.2;1973-02-08;6.3;0;0;0;0
1973-03;19.9;1973-03-31;11.3;0;0;0;0
1973-04;24.4;1973-04-10;15.1;0;0;0;0
1973-05;30.5;1973-05-06;23.6;0;16;1;0
1973-06;31.0;1973-06-29;24.9;0;13;4;0
1973-07;33.0;1973-07-17;26.7;0;23;4;0
1973-08;32.9;1973-08-20;28.0;0;28;6;0
1973-09;32.5;1973-09-07;23.5;0;9;6;0
1973-10;24.0;1973-10-02;15.8;0;0;0;0
1973-11;15.3;1973-11-06;7.3;2;0;0;0
1973-12;9.5;1973-12-22;3.3;8;0;0;0
1974-01;9.4;1974-01-21;3.8;4;0;0;0
1974-02;14.7;1974-02-12;9.1;0;0;0;0
1974-03;25.4;1974-03-22;14.8;0;1;0;0
1974-04;22.2;1974-04-10;16.8;0;0;0;0
1974-05;27.7;1974-05-31;20.1;0;4;0;0
1974-06;29.3;1974-06-27;23.1;0;11;0;0
1974-07;34.0;1974-07-14;26.6;0;18;9;0
1974-08;35.6;1974-08-04;28.9;0;28;13;1
1974-09;29.4;1974-09-14;22.4;0;11;0;0
1974-10;16.0;1974-10-11;11.3;0;0;0;0
1974-11;18.0;1974-11-16;9.0;0;0;0;0
1974-12;16.5;1974-12-30;6.9;0;0;0;0
1975-01;14.0;1975-01-18;6.3;0;0;0;0
1975-02;10.9;1975-02-23;6.2;0;0;0;0
1975-03;20.8;1975-03-09;13.7;0;0;0;0
1975-04;23.8;1975-04-30;16.3;0;0;0;0
1975-05;28.9;1975-05-19;23.8;0;12;0;0
1975-06;32.0;1975-06-23;24.6;0;16;5;0
1975-07;31.3;1975-07-15;27.2;0;24;4;0
1975-08;31.0;1975-08-10;26.4;0;24;3;0
1975-09;29.5;1975-09-17;24.7;0;20;0;0
1975-10;26.1;1975-10-01;15.5;0;1;0;0
1975-11;14.9;1975-11-03;6.8;2;0;0;0
1975-12;8.7;1975-12-06;4.2;1;0;0;0
1976-01;12.5;1976-01-12;4.7;3;0;0;0
1976-02;12.2;1976-02-29;4.2;7;0;0;0
1976-03;18.5;1976-03-30;7.8;0;0;0;0
1976-04;24.3;1976-04-06;18.0;0;0;0;0
1976-05;27.6;1976-05-20;22.2;0;9;0;0
1976-06;33.4;1976-06-29;25.5;0;18;5;0
1976-07;34.9;1976-07-20;29.3;0;27;12;0
1976-08;28.9;1976-08-28;24.9;0;16;0;0
1976-09;29.0;1976-09-14;20.3;0;3;0;0
1976-10;26.1;1976-10-03;16.2;0;2;0;0
1976-11;17.7;1976-11-06;9.8;0;0;0;0
1976-12;12.0;1976-12-02;3.3;7;0;0;0
1977-01;9.9;1977-01-28;2.9;7;0;0;0
1977-02;16.0;1977-02-20;8.4;0;0;0;0
1977-03;25.3;1977-03-25;14.8;0;1;0;0
1977-04;27.7;1977-04-29;15.1;0;2;0;0
1977-05;30.0;1977-05-04;22.6;0;10;1;0
1977-06;33.6;1977-06-14;26.2;0;18;6;0
1977-07;30.8;1977-07-25;26.6;0;24;1;0
1977-08;31.2;1977-08-09;25.4;0;18;3;0
1977-09;29.9;1977-09-05;20.4;0;9;0;0
1977-10;25.6;1977-10-08;18.1;0;3;0;0
1977-11;18.4;1977-11-04;9.4;1;0;0;0
1977-12;9.6;1977-12-25;2.0;10;0;0;0
1978-01;7.4;1978-01-25;3.3;4;0;0;0
1978-02;15.2;1978-02-28;3.4;5;0;0;0
1978-03;21.5;1978-03-30;12.4;0;0;0;0
1978-04;20.6;1978-04-24;15.9;0;0;0;0
1978-05;26.6;1978-05-31;19.3;0;1;0;0
1978-06;29.0;1978-06-03;24.7;0;15;0;0
1978-07;30.5;1978-07-28;25.3;0;15;1;0
1978-08;32.1;1978-08-07;25.4;0;15;2;0
1978-09;30.0;1978-09-11;21.3;0;5;1;0
1978-10;24.5;1978-10-03;17.2;0;0;0;0
1978-11;14.4;1978-11-01;5.1;0;0;0;0
1978-12;13.1;1978-12-30;4.3;6;0;0;0
1979-01;10.2;1979-01-01;0.8;15;0;0;0
1979-02;9.0;1979-02-03;5.7;0;0;0;0
1979-03;20.4;1979-03-15;13.6;0;0;0;0
1979-04;23.7;1979-04-15;16.1;0;0;0;0
1979-05;32.5;1979-05-20;24.1;0;17;3;0
1979-06;33.0;1979-06-02;28.1;0;24;12;0
1979-07;31.2;1979-07-19;24.6;0;12;3;0
1979-08;34.9;1979-08-02;26.5;0;19;6;0
1979-09;29.4;1979-09-03;24.4;0;17;0;0
1979-10;25.4;1979-10-16;15.4;0;1;0;0
1979-11;17.1;1979-11-09;8.8;0;0;0;0
1979-12;15.5;1979-12-01;7.5;2;0;0;0
1980-01;8.5;1980-01-31;-0.1;15;0;0;0
1980-02;11.0;1980-02-08;6.1;0;0;0;0
1980-03;22.5;1980-03-29;9.8;0;0;0;0
1980-04;22.4;1980-04-16;14.1;0;0;0;0
1980-05;25.7;1980-05-27;19.6;0;2;0;0
1980-06;31.4;1980-06-15;24.0;0;13;2;0
1980-07;30.8;1980-07-09;24.8;0;15;1;0
1980-08;33.5;1980-08-05;26.3;0;19;5;0
1980-09;26.0;1980-09-22;21.9;0;3;0;0
1980-10;22.5;1980-10-07;15.3;0;0;0;0
1980-11;16.9;1980-11-24;6.9;0;0;0;0
1980-12;11.3;1980-12-24;3.8;8;0;0;0
1981-01;8.9;1981-01-01;1.8;12;0;0;0
1981-02;12.2;1981-02-09;5.7;0;0;0;0
1981-03;22.5;1981-03-26;14.1;0;0;0;0
1981-04;24.0;1981-04-13;16.8;0;0;0;0
1981-05;29.4;1981-05-26;22.0;0;7;0;0
1981-06;32.8;1981-06-04;26.1;0;19;6;0
1981-07;33.5;1981-07-18;26.9;0;22;7;0
1981-08;34.5;1981-08-02;26.9;0;19;10;0
1981-09;30.7;1981-09-22;23.2;0;8;1;0
1981-10;24.0;1981-10-07;16.5;0;0;0;0
1981-11;18.1;1981-11-02;8.5;0;0;0;0
1981-12;9.8;1981-12-09;2.6;5;0;0;0
1982-01;12.4;1982-01-05;-0.1;19;0;0;0
1982-02;7.0;1982-02-10;3.4;0;0;0;0
1982-03;19.6;1982-03-27;11.6;0;0;0;0
1982-04;21.1;1982-04-08;14.6;0;0;0;0
1982-05;28.8;1982-05-28;22.7;0;10;0;0
1982-06;31.8;1982-06-04;26.2;0;19;6;0
1982-07;33.1;1982-07-17;27.5;0;25;7;0
1982-08;32.0;1982-08-14;27.4;0;25;3;0
1982-09;33.2;1982-09-06;26.8;0;22;3;0
1982-10;23.7;1982-10-02;16.5;0;0;0;0
1982-11;14.8;1982-11-11;9.0;0;0;0;0
1982-12;13.7;1982-12-10;6.6;1;0;0;0
1983-01;14.8;1983-01-18;7.6;0;0;0;0
1983-02;7.8;1983-02-01;3.5;1;0;0;0
1983-03;21.1;1983-03-25;12.6;0;0;0;0
1983-04;27.0;1983-04-29;18.9;0;3;0;0
1983-05;32.9;1983-05-16;24.2;0;14;6;0
1983-06;31.5;1983-06-05;25.6;0;22;2;0
1983-07;36.6;1983-07-28;30.4;0;30;18;3
1983-08;33.6;1983-08-01;28.2;0;26;15;0
1983-09;30.8;1983-09-10;24.1;0;12;1;0
1983-10;25.1;1983-10-06;16.6;0;1;0;0
1983-11;15.0;1983-11-07;7.0;1;0;0;0
1983-12;14.6;1983-12-26;4.4;7;0;0;0
1984-01;12.8;1984-01-02;3.7;2;0;0;0
1984-02;9.8;1984-02-26;4.1;2;0;0;0
1984-03;20.3;1984-03-29;10.6;0;0;0;0
1984-04;22.7;1984-04-16;16.3;0;0;0;0
1984-05;29.4;1984-05-04;20.7;0;6;0;0
1984-06;29.4;1984-06-21;23.9;0;12;0;0
1984-07;35.4;1984-07-12;25.3;0;14;5;1
1984-08;33.0;1984-08-05;26.7;0;20;5;0
1984-09;31.2;1984-09-03;22.3;0;9;3;0
1984-10;25.5;1984-10-01;17.2;0;1;0;0
1984-11;17.5;1984-11-24;8.6;0;0;0;0
1984-12;10.4;1984-12-11;2.7;3;0;0;0
1985-01;9.4;1985-01-24;-1.1;20;0;0;0
1985-02;10.3;1985-02-02;0.2;15;0;0;0
1985-03;17.4;1985-03-31;9.1;1;0;0;0
1985-04;22.7;1985-04-05;16.8;0;0;0;0
1985-05;29.2;1985-05-13;22.2;0;9;0;0
1985-06;28.9;1985-06-05;21.6;0;5;0;0
1985-07;34.0;1985-07-29;27.1;0;21;8;0
1985-08;34.5;1985-08-06;27.9;0;23;12;0
1985-09;30.2;1985-09-21;22.6;0;10;1;0
1985-10;27.0;1985-10-04;16.4;0;5;0;0
1985-11;13.8;1985-11-01;6.6;0;0;0;0
1985-12;14.4;1985-12-29;7.1;1;0;0;0
1986-01;10.2;1986-01-23;3.4;7;0;0;0
1986-02;7.0;1986-02-01;0.5;12;0;0;0
1986-03;17.5;1986-03-28;8.2;2;0;0;0
1986-04;27.2;1986-04-26;19.3;0;10;0;0
1986-05;29.4;1986-05-28;24.2;0;14;0;0
1986-06;31.3;1986-06-16;24.3;0;14;5;0
1986-07;32.4;1986-07-31;25.9;0;18;4;0
1986-08;33.5;1986-08-04;28.3;0;24;16;0
1986-09;30.5;1986-09-16;23.1;0;8;1;0
1986-10;23.4;1986-10-02;16.4;0;0;0;0
1986-11;12.1;1986-11-16;9.0;0;0;0;0
1986-12;10.6;1986-12-31;2.2;10;0;0;0
1987-01;10.2;1987-01-01;-0.2;14;0;0;0
1987-02;11.6;1987-02-21;4.7;2;0;0;0
1987-03;18.2;1987-03-25;5.2;8;0;0;0
1987-04;23.6;1987-04-30;16.5;0;0;0;0
1987-05;26.8;1987-05-03;19.6;0;3;0;0
1987-06;33.6;1987-06-30;25.4;0;16;3;0
1987-07;35.3;1987-07-19;29.3;0;27;14;1
1987-08;31.3;1987-08-25;23.9;0;10;1;0
1987-09;32.5;1987-09-14;24.6;0;16;1;0
1987-10;24.2;1987-10-07;16.4;0;0;0;0
1987-11;14.4;1987-11-25;8.6;0;0;0;0
1987-12;16.0;1987-12-30;5.2;5;0;0;0
1988-01;11.2;1988-01-06;5.5;3;0;0;0
1988-02;13.1;1988-02-07;6.6;0;0;0;0
1988-03;16.1;1988-03-30;8.8;0;0;0;0
1988-04;23.0;1988-04-19;16.3;0;0;0;0
1988-05;25.5;1988-05-29;22.1;0;5;0;0
1988-06;30.5;1988-06-30;24.0;0;9;1;0
1988-07;35.4;1988-07-27;29.2;0;26;13;3
1988-08;36.0;1988-08-15;27.2;0;20;10;1
1988-09;28.1;1988-09-01;21.3;0;6;0;0
1988-10;23.1;1988-10-01;15.6;0;0;0;0
1988-11;10.6;1988-11-02;4.6;4;0;0;0
1988-12;11.5;1988-12-11;5.7;2;0;0;0
1989-01;7.7;1989-01-16;2.6;5;0;0;0
1989-02;17.9;1989-02-24;7.6;0;0;0;0
1989-03;24.5;1989-03-31;13.6;0;0;0;0
1989-04;24.6;1989-04-11;18.6;0;0;0;0
1989-05;26.0;1989-05-30;21.2;0;3;0;0
1989-06;27.7;1989-06-27;23.1;0;6;0;0
1989-07;34.5;1989-07-09;26.8;0;24;3;0
1989-08;33.2;1989-08-17;25.2;0;19;6;0
1989-09;28.8;1989-09-18;22.3;0;6;0;0
1989-10;23.1;1989-10-26;17.3;0;0;0;0
1989-11;19.2;1989-11-02;7.7;0;0;0;0
1989-12;19.2;1989-12-17;6.0;5;0;0;0
1990-01;11.0;1990-01-22;3.2;9;0;0;0
1990-02;19.1;1990-02-25;11.0;0;0;0;0
1990-03;22.5;1990-03-19;15.4;0;0;0;0
1990-04;21.6;1990-04-02;15.5;0;0;0;0
1990-05;27.7;1990-05-24;22.9;0;10;0;0
1990-06;33.5;1990-06-30;24.4;0;11;4;0
1990-07;34.6;1990-07-30;27.1;0;23;4;0
1990-08;34.2;1990-08-14;29.4;0;26;17;0
1990-09;29.8;1990-09-01;19.9;0;2;0;0
1990-10;23.8;1990-10-01;16.4;0;0;0;0
1990-11;13.7;1990-11-18;9.3;0;0;0;0
1990-12;6.6;1990-12-10;3.2;1;0;0;0
1991-01;9.8;1991-01-12;4.6;3;0;0;0
1991-02;10.1;1991-02-22;2.6;9;0;0;0
1991-03;22.1;1991-03-24;12.1;0;0;0;0
1991-04;19.7;1991-04-06;14.6;0;0;0;0
1991-05;22.5;1991-05-31;17.8;0;0;0;0
1991-06;34.6;1991-06-17;25.4;0;16;5;0
1991-07;37.2;1991-07-13;29.0;0;26;12;3
1991-08;32.0;1991-08-08;26.1;0;19;3;0
1991-09;29.8;1991-09-30;23.1;0;8;0;0
1991-10;24.5;1991-10-01;14.1;0;0;0;0
1991-11;11.7;1991-11-04;8.7;0;0;0;0
1991-12;7.0;1991-12-02;2.6;7;0;0;0
1992-01;11.7;1992-01-03;5.1;3;0;0;0
1992-02;14.9;1992-02-29;7.9;0;0;0;0
1992-03;15.2;1992-03-31;11.1;0;0;0;0
1992-04;28.0;1992-04-27;17.6;0;3;0;0
1992-05;27.1;1992-05-22;22.5;0;4;0;0
1992-06;30.5;1992-06-23;25.8;0;21;2;0
1992-07;33.0;1992-07-31;28.3;0;27;9;0
1992-08;36.5;1992-08-28;33.0;0;31;28;11
1992-09;27.5;1992-09-14;22.9;0;8;0;0
1992-10;22.4;1992-10-05;13.9;0;0;0;0
1992-11;15.8;1992-11-06;9.2;0;0;0;0
1992-12;11.3;1992-12-05;2.8;9;0;0;0
1993-01;14.7;1993-01-23;5.3;6;0;0;0
1993-02;7.7;1993-02-11;3.0;5;0;0;0
1993-03;21.3;1993-03-21;9.4;1;0;0;0
1993-04;26.5;1993-04-28;16.8;0;4;0;0
1993-05;30.3;1993-05-26;25.6;0;18;2;0
1993-06;32.7;1993-06-20;25.8;0;18;6;0
1993-07;33.5;1993-07-31;26.2;0;18;7;0
1993-08;35.0;1993-08-05;28.0;0;23;13;1
1993-09;28.5;1993-09-09;21.8;0;6;0;0
1993-10;26.8;1993-10-14;17.3;0;2;0;0
1993-11;17.7;1993-11-07;5.0;4;0;0;0
1993-12;12.1;1993-12-21;5.8;1;0;0;0
1994-01;13.6;1994-01-07;7.1;0;0;0;0
1994-02;16.5;1994-02-28;6.1;5;0;0;0
1994-03;22.5;1994-03-31;13.6;0;0;0;0
1994-04;24.5;1994-04-30;17.2;0;0;0;0
1994-05;30.8;1994-05-18;21.9;0;9;1;0
1994-06;36.0;1994-06-28;25.8;0;17;6;2
1994-07;36.5;1994-07-30;30.3;0;28;19;2
1994-08;35.8;1994-08-01;28.7;0;25;13;2
1994-09;31.5;1994-09-14;24.8;0;16;3;0
1994-10;24.3;1994-10-03;14.4;0;0;0;0
1994-11;17.3;1994-11-01;9.8;0;0;0;0
1994-12;14.5;1994-12-12;5.0;0;0;0;0
1995-01;13.5;1995-01-26;2.9;10;0;0;0
1995-02;15.1;1995-02-07;10.2;0;0;0;0
1995-03;19.0;1995-03-25;10.0;0;0;0;0
1995-04;28.1;1995-04-22;16.7;0;4;0;0
1995-05;30.1;1995-05-31;21.1;0;7;1;0
1995-06;29.6;1995-06-30;24.1;0;13;0;0
1995-07;34.5;1995-07-13;30.5;0;31;18;0
1995-08;32.3;1995-08-23;26.8;0;24;6;0
1995-09;27.2;1995-09-13;20.0;0;2;0;0
1995-10;24.2;1995-10-11;18.4;0;0;0;0
1995-11;15.5;1995-11-16;6.6;2;0;0;0
1995-12;8.9;1995-12-24;3.2;4;0;0;0
1996-01;8.5;1996-01-13;1.5;11;0;0;0
1996-02;8.1;1996-02-18;1.6;10;0;0;0
1996-03;12.0;1996-03-19;6.9;0;0;0;0
1996-04;25.0;1996-04-23;17.6;0;1;0;0
1996-05;31.4;1996-05-19;23.5;0;12;1;0
1996-06;33.6;1996-06-10;26.6;0;18;7;0
1996-07;32.7;1996-07-08;25.7;0;16;5;0
1996-08;32.2;1996-08-03;26.7;0;22;2;0
1996-09;23.6;1996-09-04;17.3;0;0;0;0
1996-10;22.4;1996-10-02;16.8;0;0;0;0
1996-11;19.6;1996-11-13;12.0;0;0;0;0
1996-12;8.5;1996-12-16;1.5;9;0;0;0
1997-01;9.8;1997-01-29;1.6;7;0;0;0
1997-02;15.8;1997-02-24;7.7;0;0;0;0
1997-03;18.5;1997-03-03;12.0;0;0;0;0
1997-04;21.2;1997-04-28;14.1;0;0;0;0
1997-05;30.1;1997-05-14;23.2;0;14;1;0
1997-06;34.0;1997-06-28;25.7;0;17;4;0
1997-07;31.0;1997-07-04;25.7;0;21;1;0
1997-08;31.6;1997-08-15;28.0;0;29;5;0
1997-09;29.5;1997-09-04;23.3;0;10;0;0
1997-10;25.7;1997-10-09;14.8;0;4;0;0
1997-11;18.0;1997-11-09;9.9;0;0;0;0
1997-12;9.9;1997-12-12;5.1;3;0;0;0
1998-01;14.4;1998-01-08;6.4;1;0;0;0
1998-02;18.8;1998-02-16;11.6;2;0;0;0
1998-03;18.9;1998-03-04;10.1;0;0;0;0
1998-04;23.0;1998-04-28;17.5;0;0;0;0
1998-05;28.7;1998-05-12;21.4;0;9;0;0
1998-06;34.4;1998-06-07;26.4;0;19;7;0
1998-07;36.4;1998-07-23;27.7;0;20;11;4
1998-08;37.1;1998-08-03;28.2;0;22;13;3
1998-09;26.2;1998-09-11;20.8;0;2;0;0
1998-10;21.3;1998-10-07;15.5;0;0;0;0
1998-11;13.9;1998-11-03;6.6;0;0;0;0
1998-12;8.9;1998-12-17;0.7;13;0;0;0
1999-01;8.6;1999-01-04;2.8;9;0;0;0
1999-02;15.6;1999-02-27;4.2;5;0;0;0
1999-03;20.3;1999-03-27;12.5;0;0;0;0
1999-04;22.9;1999-04-16;17.9;0;0;0;0
1999-05;31.4;1999-05-31;22.0;0;6;2;0
1999-06;30.6;1999-06-07;24.9;0;19;1;0
1999-07;33.7;1999-07-06;27.2;0;26;5;0
1999-08;32.1;1999-08-09;25.4;0;17;3;0
1999-09;29.1;1999-09-26;24.8;0;17;0;0
1999-10;25.0;1999-10-03;15.2;0;1;0;0
1999-11;16.3;1999-11-01;6.0;3;0;0;0
1999-12;10.2;1999-12-02;3.9;5;0;0;0
2000-01;12.7;2000-01-31;1.7;12;0;0;0
2000-02;14.6;2000-02-06;8.2;0;0;0;0
2000-03;16.9;2000-03-23;10.5;0;0;0;0
2000-04;27.2;2000-04-22;20.1;0;9;0;0
2000-05;30.5;2000-05-27;24.6;0;16;3;0
2000-06;35.2;2000-06-22;27.5;0;18;13;1
2000-07;33.5;2000-07-04;25.5;0;16;5;0
2000-08;36.9;2000-08-20;29.4;0;27;13;4
2000-09;27.4;2000-09-13;20.9;0;6;0;0
2000-10;25.9;2000-10-13;19.1;0;1;0;0
2000-11;19.6;2000-10-31;12.4;0;0;0;0
2000-12;13.7;2000-12-14;5.5;3;0;0;0
2001-01;9.6;2001-01-27;3.7;3;0;0;0
2001-02;16.3;2001-02-08;8.3;0;0;0;0
2001-03;19.0;2001-03-12;12.2;0;0;0;0
2001-04;24.8;2001-04-30;16.0;0;0;0;0
2001-05;28.4;2001-05-29;24.0;0;15;0;0
2001-06;30.8;2001-06-28;23.7;0;12;1;0
2001-07;35.6;2001-07-16;27.8;0;24;9;1
2001-08;35.1;2001-08-04;29.0;0;26;15;1
2001-09;24.7;2001-09-24;19.0;0;0;0;0
2001-10;25.8;2001-10-09;19.2;0;5;0;0
2001-11;18.2;2001-10-31;7.3;0;0;0;0
2001-12;7.9;2001-12-30;-0.0;16;0;0;0
2002-01;18.1;2002-01-29;4.0;13;0;0;0
2002-02;15.3;2002-02-13;9.6;0;0;0;0
2002-03;19.8;2002-03-14;13.5;0;0;0;0
2002-04;21.8;2002-04-21;16.6;0;0;0;0
2002-05;30.1;2002-05-04;24.9;0;17;1;0
2002-06;35.0;2002-06-23;27.0;0;19;9;1
2002-07;34.9;2002-07-10;29.6;0;28;15;0
2002-08;30.8;2002-08-03;26.7;0;25;2;0
2002-09;29.0;2002-09-09;20.8;0;9;0;0
2002-10;22.3;2002-10-17;14.9;0;0;0;0
2002-11;19.7;2002-11-15;11.1;0;0;0;0
2002-12;14.0;2002-12-30;2.5;14;0;0;0
2003-01;12.1;2003-01-03;2.3;13;0;0;0
2003-02;9.3;2003-02-24;1.9;7;0;0;0
2003-03;19.9;2003-03-30;11.4;0;0;0;0
2003-04;27.5;2003-04-30;16.3;0;2;0;0
2003-05;32.4;2003-05-07;26.3;0;22;7;0
2003-06;34.7;2003-06-11;29.1;0;28;13;0
2003-07;34.1;2003-07-01;28.3;0;24;11;0
2003-08;37.3;2003-08-14;31.0;0;30;21;2
2003-09;29.7;2003-09-22;23.1;0;9;0;0
2003-10;25.2;2003-10-03;13.0;0;1;0;0
2003-11;18.2;2003-11-01;10.7;0;0;0;0
2003-12;10.5;2003-12-01;4.6;2;0;0;0
2004-01;9.4;2004-01-14;1.5;14;0;0;0
2004-02;18.6;2004-02-05;6.0;1;0;0;0
2004-03;22.4;2004-03-18;9.0;0;0;0;0
2004-04;24.5;2004-04-23;16.8;0;0;0;0
2004-05;27.7;2004-05-21;20.0;0;2;0;0
2004-06;28.4;2004-06-28;24.4;0;15;0;0
2004-07;33.6;2004-07-22;26.8;0;20;11;0
2004-08;32.8;2004-08-18;27.3;0;26;5;0
2004-09;27.0;2004-09-07;21.5;0;7;0;0
2004-10;22.4;2004-10-06;16.6;0;0;0;0
2004-11;18.7;2004-11-02;9.8;0;0;0;0
2004-12;9.1;2004-12-02;4.0;6;0;0;0
2005-01;12.5;2005-01-09;4.4;7;0;0;0
2005-02;7.5;2005-02-13;1.7;5;0;0;0
2005-03;20.7;2005-03-17;8.9;6;0;0;0
2005-04;21.8;2005-04-15;17.2;0;0;0;0
2005-05;32.5;2005-05-30;22.6;0;11;4;0
2005-06;30.3;2005-06-29;24.7;0;20;1;0
2005-07;35.1;2005-07-29;27.0;0;19;6;1
2005-08;31.5;2005-08-02;24.1;0;13;2;0
2005-09;27.9;2005-09-01;22.4;0;9;0;0
2005-10;23.1;2005-10-04;16.4;0;0;0;0
2005-11;14.2;2005-11-08;7.8;0;0;0;0
2005-12;10.0;2005-12-04;4.0;3;0;0;0
2006-01;6.5;2006-01-21;1.2;12;0;0;0
2006-02;14.2;2006-02-20;2.9;10;0;0;0
2006-03;20.2;2006-03-27;8.8;0;0;0;0
2006-04;25.7;2006-04-25;18.5;0;3;0;0
2006-05;27.5;2006-05-22;21.3;0;5;0;0
2006-06;35.4;2006-06-27;26.0;0;18;12;1
2006-07;35.1;2006-07-22;30.5;0;28;20;1
2006-08;31.8;2006-08-19;24.3;0;11;5;0
2006-09;28.7;2006-09-04;24.4;0;11;0;0
2006-10;26.7;2006-10-03;19.6;0;2;0;0
2006-11;18.9;2006-11-18;11.9;0;0;0;0
2006-12;14.5;2006-12-08;6.5;1;0;0;0
2007-01;15.8;2007-01-21;9.7;0;0;0;0
2007-02;13.1;2007-02-08;9.0;0;0;0;0
2007-03;19.8;2007-03-13;14.1;0;0;0;0
2007-04;25.6;2007-04-28;20.4;0;2;0;0
2007-05;32.6;2007-05-23;24.6;0;15;6;0
2007-06;34.7;2007-06-21;29.1;0;27;13;0
2007-07;40.1;2007-07-20;31.0;0;26;19;8
2007-08;34.7;2007-08-23;28.9;0;26;13;0
2007-09;27.6;2007-09-17;20.9;0;2;0;0
2007-10;25.2;2007-10-03;16.7;0;1;0;0
2007-11;15.2;2007-11-03;8.0;0;0;0;0
2007-12;10.3;2007-12-03;3.2;13;0;0;0
2008-01;14.3;2008-01-21;5.6;3;0;0;0
2008-02;18.9;2008-02-25;9.8;0;0;0;0
2008-03;18.6;2008-03-31;12.0;0;0;0;0
2008-04;23.2;2008-04-11;18.1;0;0;0;0
2008-05;32.0;2008-05-28;23.7;0;13;3;0
2008-06;34.1;2008-06-23;27.3;0;20;8;0
2008-07;34.2;2008-07-13;27.9;0;23;13;0
2008-08;36.1;2008-08-15;28.7;0;26;13;1
2008-09;34.3;2008-09-07;22.0;0;12;6;0
2008-10;23.6;2008-10-15;19.0;0;0;0;0
2008-11;20.9;2008-11-02;11.7;0;0;0;0
2008-12;12.8;2008-12-01;7.1;2;0;0;0
2009-01;9.6;2009-01-19;3.2;10;0;0;0
2009-02;12.7;2009-02-08;4.5;3;0;0;0
2009-03;18.2;2009-03-28;10.4;0;0;0;0
2009-04;26.0;2009-04-10;22.9;0;9;0;0
2009-05;30.9;2009-05-18;24.0;0;16;3;0
2009-06;32.4;2009-06-19;25.3;0;16;4;0
2009-07;34.7;2009-07-23;29.7;0;27;18;0
2009-08;34.9;2009-08-02;29.3;0;27;13;0
2009-09;32.1;2009-09-03;25.5;0;18;2;0
2009-10;28.0;2009-10-08;15.7;0;3;0;0
2009-11;17.6;2009-11-19;10.7;0;0;0;0
2009-12;13.7;2009-12-25;5.1;6;0;0;0
2010-01;7.9;2010-01-09;1.5;9;0;0;0
2010-02;13.3;2010-02-25;5.0;1;0;0;0
2010-03;21.5;2010-03-26;11.5;0;0;0;0
2010-04;26.9;2010-04-30;18.4;0;1;0;0
2010-05;26.7;2010-05-04;21.7;0;9;0;0
2010-06;33.8;2010-06-11;25.3;0;15;7;0
2010-07;35.9;2010-07-15;29.5;0;26;16;2
2010-08;31.8;2010-08-14;26.8;0;25;8;0
2010-09;24.1;2010-09-12;20.0;0;0;0;0
2010-10;18.4;2010-10-11;14.3;0;0;0;0
2010-11;22.8;2010-11-05;13.9;0;0;0;0
2010-12;13.8;2010-12-07;2.6;12;0;0;0
2011-01;12.3;2011-01-14;3.4;8;0;0;0
2011-02;14.6;2011-02-07;4.6;3;0;0;0
2011-03;20.9;2011-03-31;13.2;0;0;0;0
2011-04;26.4;2011-04-22;19.9;0;2;0;0
2011-05;31.0;2011-05-24;24.2;0;16;2;0
2011-06;33.3;2011-06-22;27.1;0;24;4;0
2011-07;36.8;2011-07-10;26.8;0;15;13;3
2011-08;37.1;2011-08-25;29.5;0;27;13;4
2011-09;32.2;2011-09-11;26.9;0;20;7;0
2011-10;27.3;2011-10-01;16.8;0;4;0;0
2011-11;17.2;2011-11-09;9.4;0;0;0;0
2011-12;12.7;2011-12-05;6.1;0;0;0;0
2012-01;9.7;2012-01-12;5.3;0;0;0;0
2012-02;13.8;2012-02-29;2.1;13;0;0;0
2012-03;22.4;2012-03-24;14.9;0;0;0;0
2012-04;31.3;2012-04-30;19.0;0;4;1;0
2012-05;33.2;2012-05-02;24.7;0;15;3;0
2012-06;36.5;2012-06-30;28.3;0;22;11;2
2012-07;38.2;2012-07-05;30.9;0;28;18;8
2012-08;37.8;2012-08-06;30.9;0;26;18;7
2012-09;33.7;2012-09-03;25.8;0;17;5;0
2012-10;25.0;2012-10-01;17.8;0;2;0;0
2012-11;19.7;2012-11-04;12.4;0;0;0;0
2012-12;9.2;2012-12-27;3.6;3;0;0;0
2013-01;10.5;2013-01-31;4.3;0;0;0;0
2013-02;14.3;2013-02-26;6.7;0;0;0;0
2013-03;15.6;2013-03-20;8.4;0;0;0;0
2013-04;29.7;2013-04-30;18.9;0;9;0;0
2013-05;29.7;2013-05-01;22.6;0;10;0;0
2013-06;36.7;2013-06-20;26.3;0;16;9;2
2013-07;37.8;2013-07-29;30.2;0;28;16;3
2013-08;38.7;2013-08-08;30.4;0;26;17;7
2013-09;27.5;2013-09-08;20.8;0;4;0;0
2013-10;24.3;2013-10-23;18.8;0;0;0;0
2013-11;17.5;2013-11-02;11.2;0;0;0;0
2013-12;12.1;2013-12-27;5.3;2;0;0;0
2014-01;12.8;2014-01-06;5.9;3;0;0;0
2014-02;13.3;2014-02-16;8.5;0;0;0;0
2014-03;21.7;2014-03-21;16.5;0;0;0;0
2014-04;24.0;2014-04-30;19.0;0;0;0;0
2014-05;29.6;2014-05-23;21.8;0;8;0;0
2014-06;35.8;2014-06-10;27.0;0;19;7;1
2014-07;34.8;2014-07-07;29.4;0;28;14;0
2014-08;32.4;2014-08-02;26.4;0;19;4;0
2014-09;28.4;2014-09-09;23.2;0;11;0;0
2014-10;26.4;2014-10-13;18.9;0;2;0;0
2014-11;19.4;2014-11-05;11.2;0;0;0;0
2014-12;15.6;2014-12-19;6.8;2;0;0;0
2015-01;17.0;2015-01-10;6.1;3;0;0;0
2015-02;11.4;2015-02-21;7.3;0;0;0;0
2015-03;19.3;2015-03-26;13.1;0;0;0;0
2015-04;27.9;2015-04-16;18.4;0;2;0;0
2015-05;29.8;2015-05-19;23.0;0;8;0;0
2015-06;33.3;2015-06-08;27.3;0;20;11;0
2015-07;37.8;2015-07-08;31.2;0;27;19;11
2015-08;38.0;2015-08-12;31.3;0;26;18;13
2015-09;34.7;2015-09-01;23.1;0;10;4;0
2015-10;24.2;2015-10-04;15.6;0;0;0;0
2015-11;20.7;2015-11-18;13.2;0;0;0;0
2015-12;12.9;2015-12-01;6.4;0;0;0;0
2016-01;10.1;2016-01-12;3.2;7;0;0;0
2016-02;18.6;2016-02-22;11.0;0;0;0;0
2016-03;22.6;2016-03-31;12.8;0;0;0;0
2016-04;26.4;2016-04-05;19.9;0;2;0;0
2016-05;30.3;2016-05-29;22.9;0;11;1;0
2016-06;35.7;2016-06-24;27.9;0;25;7;2
2016-07;35.5;2016-07-12;29.5;0;28;17;1
2016-08;33.1;2016-08-05;27.9;0;25;8;0
2016-09;32.1;2016-09-11;26.4;0;17;6;0
2016-10;24.0;2016-10-01;14.7;0;0;0;0
2016-11;16.8;2016-11-06;10.3;0;0;0;0
2016-12;14.4;2016-12-11;5.0;3;0;0;0
2017-01;5.2;2017-01-14;0.8;13;0;0;0
2017-02;16.8;2017-02-28;7.9;0;0;0;0
2017-03;23.1;2017-03-23;16.1;0;0;0;0
2017-04;26.0;2017-04-03;17.0;0;2;0;0
2017-05;30.9;2017-05-30;23.8;0;14;2;0
2017-06;34.3;2017-06-28;29.4;0;28;14;0
2017-07;35.4;2017-07-20;29.3;0;26;15;3
2017-08;39.1;2017-08-04;31.0;0;26;19;7
2017-09;33.4;2017-09-01;22.0;0;7;2;0
2017-10;24.4;2017-10-17;17.9;0;0;0;0
2017-11;17.1;2017-11-02;10.9;0;0;0;0
2017-12;15.2;2017-12-12;7.3;0;0;0;0
2018-01;15.6;2018-01-29;7.7;1;0;0;0
2018-02;14.4;2018-02-01;4.9;4;0;0;0
2018-03;18.6;2018-03-12;9.2;2;0;0;0
2018-04;30.2;2018-04-29;23.5;0;12;1;0
2018-05;32.3;2018-05-31;26.5;0;22;5;0
2018-06;33.1;2018-06-21;27.8;0;25;12;0
2018-07;34.8;2018-07-29;29.3;0;28;12;0
2018-08;35.9;2018-08-09;31.8;0;30;25;2
2018-09;31.0;2018-09-12;25.6;0;20;5;0
2018-10;25.6;2018-10-09;20.6;0;2;0;0
2018-11;21.8;2018-11-04;12.6;0;0;0;0
2018-12;12.9;2018-12-04;6.3;1;0;0;0
2019-01;13.6;2019-01-17;4.4;1;0;0;0
2019-02;20.0;2019-02-28;11.0;0;0;0;0
2019-03;23.8;2019-03-24;16.1;0;0;0;0
2019-04;29.2;2019-04-26;20.1;0;3;0;0
2019-05;28.1;2019-05-26;19.9;0;3;0;0
2019-06;35.5;2019-06-14;30.7;0;30;17;3
2019-07;37.4;2019-07-01;29.3;0;27;15;1
2019-08;36.6;2019-08-12;31.3;0;29;22;3
2019-09;34.2;2019-09-01;24.3;0;13;1;0
2019-10;26.9;2019-10-21;21.0;0;9;0;0
2019-11;18.4;2019-11-13;13.7;0;0;0;0
2019-12;17.8;2019-12-18;7.9;0;0;0;0
