#datum;m_txx;m_txxd;m_txa;m_dtx0;m_dtx25;m_dtx30;m_dtx35
1901-01;5.0;1901-01-22;-4.4;23;0;0;0
1901-02;9.0;1901-02-06;0.6;14;0;0;0
1901-03;21.6;1901-03-19;10.3;0;0;0;0
1901-04;23.8;1901-04-28;16.2;0;0;0;0
1901-05;29.5;1901-05-25;22.3;0;8;0;0
1901-06;33.5;1901-06-25;26.3;0;22;5;0
1901-07;35.8;1901-07-30;28.6;0;28;10;2
1901-08;32.4;1901-08-01;26.8;0;22;8;0
1901-09;29.0;1901-09-28;21.6;0;8;0;0
1901-10;26.3;1901-10-01;16.6;0;2;0;0
1901-11;17.0;1901-11-14;7.1;2;0;0;0
1901-12;14.2;1901-12-20;6.6;0;0;0;0
1902-01;9.8;1902-01-26;4.2;3;0;0;0
1902-02;12.0;1902-02-17;6.5;1;0;0;0
1902-03;20.7;1902-03-23;8.4;2;0;0;0
1902-04;21.0;1902-04-14;14.3;0;0;0;0
1902-05;28.0;1902-05-31;16.7;0;3;0;0
1902-06;31.8;1902-06-30;24.0;0;12;5;0
1902-07;34.0;1902-07-02;26.2;0;22;4;0
1902-08;35.7;1902-08-03;27.0;0;23;9;1
1902-09;30.7;1902-09-01;21.9;0;10;2;0
1902-10;19.4;1902-10-11;14.4;0;0;0;0
1902-11;12.6;1902-11-01;5.1;4;0;0;0
1902-12;8.0;1902-12-31;-4.0;21;0;0;0
1903-01;12.0;1903-01-11;0.9;14;0;0;0
1903-02;16.0;1903-02-23;6.6;1;0;0;0
1903-03;23.3;1903-03-29;13.8;0;0;0;0
1903-04;24.7;1903-04-29;13.9;0;0;0;0
1903-05;28.5;1903-05-08;21.9;0;4;0;0
1903-06;30.0;1903-06-11;23.5;0;10;1;0
1903-07;36.3;1903-07-20;26.7;0;21;9;1
1903-08;34.2;1903-08-13;26.6;0;20;5;0
1903-09;33.6;1903-09-14;24.6;0;16;4;0
1903-10;26.8;1903-10-07;16.6;0;2;0;0
1903-11;17.5;1903-11-01;9.1;0;0;0;0
1903-12;16.0;1903-12-02;5.0;5;0;0;0
1904-01;5.2;1904-01-15;-0.2;17;0;0;0
1904-02;10.9;1904-02-22;6.0;0;0;0;0
1904-03;16.1;1904-03-29;10.9;0;0;0;0
1904-04;25.2;1904-04-24;16.8;0;2;0;0
1904-05;29.1;1904-05-18;22.1;0;7;0;0
1904-06;32.4;1904-06-18;26.0;0;19;3;0
1904-07;37.5;1904-07-18;30.0;0;28;12;3
1904-08;36.4;1904-08-18;28.2;0;22;14;3
1904-09;28.0;1904-09-08;20.9;0;8;0;0
1904-10;21.0;1904-10-03;15.3;0;0;0;0
1904-11;13.7;1904-11-08;6.2;4;0;0;0
1904-12;9.9;1904-12-13;2.8;6;0;0;0
1905-01;3.6;1905-01-31;-3.0;22;0;0;0
1905-02;10.1;1905-02-28;3.2;4;0;0;0
1905-03;18.9;1905-03-31;10.9;0;0;0;0
1905-04;22.8;1905-04-11;14.6;0;0;0;0
1905-05;28.7;1905-05-03;22.7;0;10;0;0
1905-06;34.2;1905-06-26;27.1;0;20;8;0
1905-07;35.6;1905-07-06;29.7;0;26;17;3
1905-08;38.2;1905-08-04;30.3;0;28;16;6
1905-09;33.2;1905-09-12;24.3;0;14;8;0
1905-10;17.8;1905-10-01;10.6;0;0;0;0
1905-11;16.2;1905-11-02;10.6;0;0;0;0
1905-12;7.9;1905-12-01;2.7;6;0;0;0
1906-01;4.9;1906-01-09;0.0;13;0;0;0
1906-02;15.2;1906-02-28;4.4;2;0;0;0
1906-03;19.2;1906-03-23;9.8;0;0;0;0
1906-04;24.9;1906-04-13;18.3;0;0;0;0
1906-05;28.9;1906-05-09;23.9;0;12;0;0
1906-06;32.7;1906-06-29;25.7;0;18;8;0
1906-07;35.2;1906-07-19;27.7;0;27;8;1
1906-08;36.7;1906-08-04;25.8;0;18;6;1
1906-09;31.3;1906-09-06;19.3;0;9;4;0
1906-10;22.8;1906-10-16;15.4;0;0;0;0
1906-11;19.3;1906-11-08;10.5;0;0;0;0
1906-12;9.2;1906-12-01;0.7;16;0;0;0
1907-01;4.5;1907-01-03;-1.6;15;0;0;0
1907-02;5.2;1907-02-28;-0.1;11;0;0;0
1907-03;9.5;1907-03-30;4.1;1;0;0;0
1907-04;18.4;1907-04-18;13.5;0;0;0;0
1907-05;30.3;1907-05-14;25.1;0;20;3;0
1907-06;31.5;1907-06-30;25.3;0;20;3;0
1907-07;34.1;1907-07-02;26.0;0;19;3;0
1907-08;34.2;1907-08-16;27.1;0;21;10;0
1907-09;31.0;1907-09-03;21.9;0;4;2;0
1907-10;26.8;1907-10-01;21.7;0;6;0;0
1907-11;15.1;1907-11-10;7.0;0;0;0;0
1907-12;9.2;1907-12-13;3.8;4;0;0;0
1908-01;5.7;1908-01-28;-0.8;17;0;0;0
1908-02;6.0;1908-02-28;2.7;5;0;0;0
1908-03;15.3;1908-03-30;9.4;0;0;0;0
1908-04;21.1;1908-04-26;14.2;0;0;0;0
1908-05;32.3;1908-05-31;24.7;0;12;6;0
1908-06;37.0;1908-06-21;27.4;0;19;11;2
1908-07;35.9;1908-07-14;27.2;0;26;6;1
1908-08;30.8;1908-08-30;23.9;0;11;1;0
1908-09;28.3;1908-09-11;20.6;0;4;0;0
1908-10;24.2;1908-10-05;15.0;0;0;0;0
1908-11;8.9;1908-11-02;2.1;8;0;0;0
1908-12;4.9;1908-12-12;-0.2;15;0;0;0
1909-01;5.3;1909-01-16;-0.9;18;0;0;0
1909-02;7.1;1909-02-06;-0.9;20;0;0;0
1909-03;20.1;1909-03-31;10.0;0;0;0;0
1909-04;28.5;1909-04-28;16.5;0;5;0;0
1909-05;30.9;1909-05-17;21.2;0;8;1;0
1909-06;30.3;1909-06-23;25.1;0;16;2;0
1909-07;35.3;1909-07-26;26.3;0;19;4;1
1909-08;34.7;1909-08-03;28.7;0;29;11;0
1909-09;27.9;1909-09-12;22.3;0;4;0;0
1909-10;23.9;1909-10-07;18.3;0;0;0;0
1909-11;17.7;1909-11-16;7.0;2;0;0;0
1909-12;13.0;1909-12-05;6.8;3;0;0;0
1910-01;5.3;1910-01-19;2.5;3;0;0;0
1910-02;15.3;1910-02-28;8.5;0;0;0;0
1910-03;17.1;1910-03-20;11.5;0;0;0;0
1910-04;24.1;1910-04-15;16.2;0;0;0;0
1910-05;29.9;1910-05-19;22.7;0;13;0;0
1910-06;32.8;1910-06-10;27.9;0;26;11;0
1910-07;35.6;1910-07-23;26.9;0;21;8;1
1910-08;34.8;1910-08-22;27.2;0;20;9;0
1910-09;27.2;1910-09-12;20.6;0;3;0;0
1910-10;23.0;1910-10-09;15.7;0;0;0;0
1910-11;16.3;1910-11-06;7.3;1;0;0;0
1910-12;13.5;1910-12-15;6.3;0;0;0;0
1911-01;7.8;1911-01-07;1.9;4;0;0;0
1911-02;9.3;1911-02-23;0.0;16;0;0;0
1911-03;25.8;1911-03-30;10.7;0;1;0;0
1911-04;25.6;1911-04-24;15.5;1;1;0;0
1911-05;29.9;1911-05-18;22.8;0;11;0;0
1911-06;34.1;1911-06-26;25.1;0;17;3;0
1911-07;36.7;1911-07-25;29.2;0;24;12;2
1911-08;35.6;1911-08-23;28.3;0;26;11;1
1911-09;30.9;1911-09-15;23.0;0;8;1;0
1911-10;27.3;1911-10-07;17.0;0;2;0;0
1911-11;17.0;1911-11-22;12.4;0;0;0;0
1911-12;9.6;1911-12-10;5.3;1;0;0;0
1912-01;7.6;1912-01-07;-1.4;18;0;0;0
1912-02;11.5;1912-02-28;6.2;4;0;0;0
1912-03;18.7;1912-03-27;11.8;0;0;0;0
1912-04;21.3;1912-04-28;13.5;0;0;0;0
1912-05;28.7;1912-05-13;20.1;0;3;0;0
1912-06;32.4;1912-06-30;26.5;0;20;4;0
1912-07;33.0;1912-07-29;27.8;0;25;10;0
1912-08;32.9;1912-08-03;25.1;0;16;3;0
1912-09;25.6;1912-09-01;15.8;0;1;0;0
1912-10;23.4;1912-10-03;12.3;0;0;0;0
1912-11;12.1;1912-11-01;5.7;0;0;0;0
1912-12;8.2;1912-12-27;3.3;6;0;0;0
1913-01;4.2;1913-01-26;-0.8;18;0;0;0
1913-02;8.4;1913-02-27;2.1;8;0;0;0
1913-03;23.1;1913-03-24;12.2;2;0;0;0
1913-04;27.6;1913-04-26;15.8;0;4;0;0
1913-05;30.1;1913-05-31;20.6;0;5;1;0
1913-06;32.2;1913-06-05;24.5;0;16;5;0
1913-07;27.5;1913-07-15;23.3;0;12;0;0
1913-08;28.3;1913-08-31;23.0;0;8;0;0
1913-09;29.3;1913-09-19;21.3;0;7;0;0
1913-10;23.1;1913-10-08;17.0;0;0;0;0
1913-11;18.6;1913-11-01;9.2;1;0;0;0
1913-12;12.2;1913-12-29;3.3;8;0;0;0
1914-01;1.6;1914-01-04;-3.4;28;0;0;0
1914-02;14.5;1914-02-27;1.7;14;0;0;0
1914-03;15.9;1914-03-10;9.7;0;0;0;0
1914-04;24.2;1914-04-30;17.3;0;0;0;0
1914-05;28.7;1914-05-27;22.0;0;8;0;0
1914-06;27.7;1914-06-29;24.6;0;16;0;0
1914-07;34.1;1914-07-23;26.8;0;24;3;0
1914-08;31.9;1914-08-04;26.1;0;21;4;0
1914-09;27.9;1914-09-10;19.3;0;5;0;0
1914-10;18.5;1914-10-19;12.9;0;0;0;0
1914-11;15.8;1914-11-01;5.9;6;0;0;0
1914-12;11.0;1914-12-14;5.8;0;0;0;0
1915-01;7.9;1915-01-03;3.3;5;0;0;0
1915-02;12.0;1915-02-14;4.2;6;0;0;0
1915-03;15.1;1915-03-28;5.7;4;0;0;0
1915-04;22.6;1915-04-27;14.5;0;0;0;0
1915-05;30.1;1915-05-19;22.8;0;8;1;0
1915-06;32.8;1915-06-13;26.2;0;21;3;0
1915-07;32.3;1915-07-08;25.7;0;20;3;0
1915-08;27.0;1915-08-29;23.3;0;11;0;0
1915-09;22.3;1915-09-18;17.8;0;0;0;0
1915-10;28.2;1915-10-03;13.8;0;3;0;0
1915-11;14.8;1915-11-04;4.7;6;0;0;0
1915-12;12.7;1915-12-12;6.6;2;0;0;0
1916-01;7.5;1916-01-04;2.6;0;0;0;0
1916-02;9.8;1916-02-28;2.4;8;0;0;0
1916-03;18.9;1916-03-13;13.1;0;0;0;0
1916-04;23.2;1916-04-25;15.5;0;0;0;0
1916-05;25.4;1916-05-05;20.8;0;4;0;0
1916-06;30.5;1916-06-10;24.5;0;14;1;0
1916-07;35.0;1916-07-05;26.1;0;19;6;1
1916-08;32.4;1916-08-17;25.6;0;16;3;0
1916-09;27.4;1916-09-07;20.3;0;7;0;0
1916-10;23.4;1916-10-15;14.5;0;0;0;0
1916-11;17.4;1916-11-09;10.3;3;0;0;0
1916-12;10.3;1916-12-13;6.1;0;0;0;0
1917-01;10.8;1917-01-16;2.0;12;0;0;0
1917-02;3.0;1917-02-22;-2.0;19;0;0;0
1917-03;16.6;1917-03-31;6.9;0;0;0;0
1917-04;23.7;1917-04-06;14.5;0;0;0;0
1917-05;31.7;1917-05-31;22.6;0;8;1;0
1917-06;32.7;1917-06-28;28.0;0;25;10;0
1917-07;35.1;1917-07-31;27.5;0;27;7;1
1917-08;36.6;1917-08-02;28.2;0;24;12;2
1917-09;30.8;1917-09-20;24.2;0;10;2;0
1917-10;24.8;1917-10-11;17.2;0;0;0;0
1917-11;17.5;1917-11-12;8.7;0;0;0;0
1917-12;9.3;1917-12-01;0.9;13;0;0;0
1918-01;11.2;1918-01-23;3.5;7;0;0;0
1918-02;9.7;1918-02-28;2.5;8;0;0;0
1918-03;17.2;1918-03-20;10.8;0;0;0;0
1918-04;24.2;1918-04-30;20.1;0;0;0;0
1918-05;29.2;1918-05-20;21.7;0;6;0;0
1918-06;34.3;1918-06-18;23.0;0;12;2;0
1918-07;32.1;1918-07-10;26.0;0;20;6;0
1918-08;32.7;1918-08-24;25.6;0;16;4;0
1918-09;32.5;1918-09-25;23.7;0;13;2;0
1918-10;21.7;1918-10-15;16.0;0;0;0;0
1918-11;15.4;1918-11-06;5.2;3;0;0;0
1918-12;8.5;1918-12-31;1.4;4;0;0;0
1919-01;12.6;1919-01-07;5.0;0;0;0;0
1919-02;12.0;1919-02-22;4.2;9;0;0;0
1919-03;15.3;1919-03-12;9.5;0;0;0;0
1919-04;21.6;1919-04-19;14.5;0;0;0;0
1919-05;22.0;1919-05-10;15.8;0;0;0;0
1919-06;30.4;1919-06-21;24.1;0;13;1;0
1919-07;29.7;1919-07-21;24.1;0;10;0;0
1919-08;29.4;1919-08-21;24.2;0;13;0;0
1919-09;28.2;1919-09-07;24.4;0;14;0;0
1919-10;26.2;1919-10-02;14.0;0;1;0;0
1919-11;13.7;1919-11-06;6.6;2;0;0;0
1919-12;8.4;1919-12-01;1.5;9;0;0;0
1920-01;7.5;1920-01-14;2.4;7;0;0;0
1920-02;10.0;1920-02-27;2.7;4;0;0;0
1920-03;21.3;1920-03-08;11.1;0;0;0;0
1920-04;28.7;1920-04-19;21.0;0;6;0;0
1920-05;30.0;1920-05-27;23.2;0;15;1;0
1920-06;29.2;1920-06-30;22.5;0;9;0;0
1920-07;33.0;1920-07-08;27.4;0;24;11;0
1920-08;29.4;1920-08-17;23.8;0;16;0;0
1920-09;28.6;1920-09-23;21.8;0;8;0;0
1920-10;21.7;1920-10-02;11.7;3;0;0;0
1920-11;8.6;1920-11-18;3.2;7;0;0;0
1920-12;8.6;1920-12-31;3.9;2;0;0;0
1921-01;12.5;1921-01-14;5.3;3;0;0;0
1921-02;8.4;1921-02-04;3.5;3;0;0;0
1921-03;20.8;1921-03-26;13.0;0;0;0;0
1921-04;22.4;1921-04-16;16.1;0;0;0;0
1921-05;30.6;1921-05-21;23.8;0;13;2;0
1921-06;34.0;1921-06-03;23.6;0;12;4;0
1921-07;37.6;1921-07-30;28.2;0;24;10;6
1921-08;38.1;1921-08-12;27.8;0;22;10;2
1921-09;28.4;1921-09-16;20.7;0;4;0;0
1921-10;21.7;1921-10-23;16.1;0;0;0;0
1921-11;11.0;1921-11-06;4.2;8;0;0;0
1921-12;5.6;1921-12-22;1.2;12;0;0;0
1922-01;5.3;1922-01-03;-1.6;18;0;0;0
1922-02;7.0;1922-02-23;-2.1;16;0;0;0
1922-03;15.0;1922-03-21;8.9;0;0;0;0
1922-04;24.0;1922-04-30;13.7;0;0;0;0
1922-05;30.5;1922-05-27;21.7;0;6;2;0
1922-06;33.7;1922-06-11;26.4;0;25;4;0
1922-07;36.7;1922-07-16;29.1;0;25;14;4
1922-08;36.9;1922-08-15;28.5;0;24;12;2
1922-09;29.9;1922-09-01;19.5;0;2;0;0
1922-10;19.4;1922-10-12;12.4;0;0;0;0
1922-11;15.1;1922-11-04;5.2;4;0;0;0
1922-12;10.3;1922-12-31;1.6;14;0;0;0
1923-01;9.9;1923-01-01;2.3;8;0;0;0
1923-02;10.2;1923-02-03;3.9;2;0;0;0
1923-03;18.9;1923-03-26;11.5;0;0;0;0
1923-04;24.3;1923-04-14;15.5;0;0;0;0
1923-05;32.0;1923-05-30;26.3;0;19;4;0
1923-06;33.2;1923-06-01;23.8;0;9;1;0
1923-07;36.2;1923-07-16;28.7;0;28;12;2
1923-08;34.0;1923-08-01;28.4;0;28;10;0
1923-09;33.1;1923-09-01;23.5;0;12;3;0
1923-10;26.1;1923-10-04;18.5;0;1;0;0
1923-11;18.1;1923-11-08;11.3;0;0;0;0
1923-12;15.4;1923-12-03;2.5;11;0;0;0
1924-01;4.0;1924-01-19;-3.3;23;0;0;0
1924-02;8.1;1924-02-12;1.4;8;0;0;0
1924-03;20.7;1924-03-28;8.2;3;0;0;0
1924-04;23.1;1924-04-27;14.1;0;0;0;0
1924-05;32.7;1924-05-28;25.9;0;20;6;0
1924-06;32.3;1924-06-13;26.7;0;19;7;0
1924-07;35.6;1924-07-06;27.9;0;24;9;2
1924-08;32.2;1924-08-14;26.1;0;20;3;0
1924-09;29.3;1924-09-25;24.5;0;17;0;0
1924-10;23.8;1924-10-05;15.5;0;0;0;0
1924-11;17.4;1924-11-04;5.7;2;0;0;0
1924-12;13.0;1924-12-04;2.0;15;0;0;0
1925-01;8.8;1925-01-04;1.8;10;0;0;0
1925-02;17.9;1925-02-16;9.8;0;0;0;0
1925-03;21.0;1925-03-26;9.5;0;0;0;0
1925-04;24.5;1925-04-25;18.2;0;0;0;0
1925-05;32.2;1925-05-15;24.9;0;17;3;0
1925-06;31.8;1925-06-01;23.3;0;12;2;0
1925-07;30.8;1925-07-10;27.1;0;27;4;0
1925-08;32.0;1925-08-25;25.6;0;19;4;0
1925-09;27.3;1925-09-23;20.5;0;5;0;0
1925-10;26.0;1925-10-01;16.2;0;2;0;0
1925-11;17.5;1925-11-14;8.9;1;0;0;0
1925-12;10.8;1925-12-31;-0.2;16;0;0;0
1926-01;8.2;1926-01-01;2.3;10;0;0;0
1926-02;12.7;1926-02-11;7.4;0;0;0;0
1926-03;22.8;1926-03-30;9.2;0;0;0;0
1926-04;33.6;1926-04-25;18.9;0;4;1;0
1926-05;28.1;1926-05-31;22.6;0;10;0;0
1926-06;29.0;1926-06-25;24.1;0;14;0;0
1926-07;32.2;1926-07-14;27.6;0;26;10;0
1926-08;29.8;1926-08-22;24.9;0;15;0;0
1926-09;29.7;1926-09-06;22.6;0;10;0;0
1926-10;23.6;1926-10-01;16.9;0;0;0;0
1926-11;21.4;1926-11-01;15.7;0;0;0;0
1926-12;11.9;1926-12-01;2.7;7;0;0;0
1927-01;7.8;1927-01-21;3.5;6;0;0;0
1927-02;10.3;1927-02-28;2.9;5;0;0;0
1927-03;20.1;1927-03-23;14.0;0;0;0;0
1927-04;27.8;1927-04-30;16.5;0;2;0;0
1927-05;29.8;1927-05-31;21.6;0;9;0;0
1927-06;34.7;1927-06-04;27.8;0;22;10;0
1927-07;33.6;1927-07-17;29.5;0;30;14;0
1927-08;35.2;1927-08-09;28.5;0;23;14;2
1927-09;28.8;1927-09-25;23.6;0;14;0;0
1927-10;20.2;1927-10-01;15.0;0;0;0;0
1927-11;20.1;1927-11-10;8.6;0;0;0;0
1927-12;5.6;1927-12-06;-0.8;13;0;0;0
1928-01;5.1;1928-01-31;0.8;10;0;0;0
1928-02;7.8;1928-02-17;2.7;7;0;0;0
1928-03;19.1;1928-03-27;9.0;0;0;0;0
1928-04;25.6;1928-04-29;18.1;0;1;0;0
1928-05;27.1;1928-05-21;20.4;0;5;0;0
1928-06;34.4;1928-06-11;24.7;0;15;5;0
1928-07;38.3;1928-07-17;30.7;0;29;15;5
1928-08;34.6;1928-08-14;28.0;0;23;12;0
1928-09;31.8;1928-09-10;22.8;0;11;4;0
1928-10;21.2;1928-10-29;15.5;0;0;0;0
1928-11;19.7;1928-11-01;10.2;0;0;0;0
1928-12;9.7;1928-12-12;1.2;11;0;0;0
1929-01;4.2;1929-01-03;-1.7;19;0;0;0
1929-02;6.5;1929-02-26;-4.2;21;0;0;0
1929-03;14.2;1929-03-27;5.4;7;0;0;0
1929-04;24.0;1929-04-30;12.9;0;0;0;0
1929-05;30.1;1929-05-29;25.5;0;21;1;0
1929-06;32.7;1929-06-09;25.3;0;14;7;0
1929-07;36.3;1929-07-24;27.9;0;24;9;2
1929-08;36.2;1929-08-02;28.9;0;28;14;1
1929-09;31.1;1929-09-03;22.7;0;8;5;0
1929-10;25.0;1929-10-06;18.1;0;1;0;0
1929-11;17.4;1929-11-02;10.1;0;0;0;0
1929-12;12.6;1929-12-05;4.4;5;0;0;0
1930-01;8.2;1930-01-27;1.8;8;0;0;0
1930-02;9.9;1930-02-28;4.9;2;0;0;0
1930-03;18.2;1930-03-24;12.1;0;0;0;0
1930-04;27.0;1930-04-26;18.2;0;2;0;0
1930-05;28.9;1930-05-30;21.7;0;8;0;0
1930-06;34.9;1930-06-27;28.5;0;25;13;0
1930-07;33.9;1930-07-24;28.7;0;28;11;0
1930-08;33.0;1930-08-23;27.0;0;22;9;0
1930-09;30.9;1930-09-15;24.6;0;14;4;0
1930-10;20.3;1930-10-13;15.5;0;0;0;0
1930-11;16.8;1930-11-03;10.4;0;0;0;0
1930-12;9.6;1930-12-09;2.8;8;0;0;0
1931-01;8.0;1931-01-05;1.2;10;0;0;0
1931-02;14.4;1931-02-20;4.3;3;0;0;0
1931-03;14.2;1931-03-22;5.3;3;0;0;0
1931-04;23.8;1931-04-21;13.7;0;0;0;0
1931-05;32.7;1931-05-30;25.4;0;18;4;0
1931-06;34.8;1931-06-21;27.4;0;22;8;0
1931-07;37.2;1931-07-15;30.0;0;27;19;3
1931-08;36.0;1931-08-10;27.5;0;21;10;2
1931-09;27.4;1931-09-04;17.0;0;2;0;0
1931-10;19.8;1931-10-25;13.9;0;0;0;0
1931-11;16.2;1931-11-14;7.0;2;0;0;0
1931-12;4.6;1931-12-29;-0.1;14;0;0;0
1932-01;4.8;1932-01-08;-2.1;22;0;0;0
1932-02;4.1;1932-02-02;-3.3;24;0;0;0
1932-03;10.3;1932-03-31;3.7;3;0;0;0
1932-04;21.1;1932-04-05;15.4;0;0;0;0
1932-05;29.2;1932-05-23;22.5;0;9;0;0
1932-06;29.7;1932-06-21;23.0;0;9;0;0
1932-07;33.8;1932-07-08;29.3;0;28;16;0
1932-08;33.9;1932-08-03;26.9;0;21;7;0
1932-09;30.6;1932-09-30;25.9;0;21;3;0
1932-10;29.4;1932-10-01;17.3;0;2;0;0
1932-11;12.8;1932-11-10;7.5;0;0;0;0
1932-12;14.3;1932-12-02;1.9;15;0;0;0
1933-01;5.1;1933-01-19;-1.3;17;0;0;0
1933-02;6.3;1933-02-24;3.4;2;0;0;0
1933-03;19.0;1933-03-31;10.3;1;0;0;0
1933-04;21.1;1933-04-30;12.0;0;0;0;0
1933-05;25.1;1933-05-09;19.3;0;1;0;0
1933-06;28.3;1933-06-22;20.9;0;2;0;0
1933-07;33.0;1933-07-29;25.6;0;16;5;0
1933-08;32.7;1933-08-12;23.8;0;10;2;0
1933-09;26.2;1933-09-22;19.9;0;2;0;0
1933-10;22.5;1933-10-29;15.4;0;0;0;0
1933-11;15.4;1933-11-17;9.3;0;0;0;0
1933-12;7.1;1933-12-31;-3.3;25;0;0;0
1934-01;4.4;1934-01-01;-1.1;18;0;0;0
1934-02;13.9;1934-02-28;2.4;9;0;0;0
1934-03;21.0;1934-03-25;14.2;0;0;0;0
1934-04;28.0;1934-04-26;20.0;0;7;0;0
1934-05;29.8;1934-05-02;24.6;0;17;0;0
1934-06;33.1;1934-06-26;24.3;0;11;2;0
1934-07;33.6;1934-07-22;25.9;0;19;3;0
1934-08;33.7;1934-08-04;27.5;0;24;6;0
1934-09;30.9;1934-09-01;22.7;0;4;1;0
1934-10;25.6;1934-10-03;16.2;0;2;0;0
1934-11;19.3;1934-11-01;10.8;0;0;0;0
1934-12;14.9;1934-12-16;6.1;1;0;0;0
1935-01;5.3;1935-01-27;-1.5;24;0;0;0
1935-02;12.9;1935-02-26;1.4;11;0;0;0
1935-03;19.3;1935-03-23;9.2;2;0;0;0
1935-04;23.9;1935-04-11;16.1;0;0;0;0
1935-05;29.4;1935-05-23;20.3;0;5;0;0
1935-06;36.0;1935-06-28;26.8;0;18;9;1
1935-07;32.4;1935-07-03;26.3;0;21;3;0
1935-08;35.3;1935-08-14;27.0;0;23;4;1
1935-09;29.9;1935-09-03;23.0;0;12;0;0
1935-10;29.5;1935-10-06;19.2;0;8;0;0
1935-11;16.6;1935-11-11;8.3;1;0;0;0
1935-12;12.3;1935-12-27;5.0;1;0;0;0
1936-01;12.8;1936-01-26;7.6;0;0;0;0
1936-02;15.2;1936-02-29;3.9;5;0;0;0
1936-03;19.0;1936-03-27;13.7;0;0;0;0
1936-04;24.0;1936-04-30;15.8;0;0;0;0
1936-05;27.2;1936-05-13;23.1;0;8;0;0
1936-06;29.8;1936-06-25;23.5;0;13;0;0
1936-07;36.4;1936-07-29;29.1;0;27;16;1
1936-08;29.2;1936-08-19;23.9;0;10;0;0
1936-09;28.1;1936-09-22;20.9;0;9;0;0
1936-10;18.4;1936-10-18;10.2;0;0;0;0
1936-11;15.2;1936-11-13;7.3;6;0;0;0
1936-12;9.8;1936-12-15;2.0;9;0;0;0
1937-01;5.6;1937-01-08;-1.0;19;0;0;0
1937-02;14.0;1937-02-28;4.2;2;0;0;0
1937-03;21.9;1937-03-20;12.7;0;0;0;0
1937-04;20.1;1937-04-15;14.6;0;0;0;0
1937-05;30.8;1937-05-22;25.2;0;18;1;0
1937-06;33.7;1937-06-11;27.5;0;23;7;0
1937-07;32.5;1937-07-22;26.5;0;22;6;0
1937-08;32.2;1937-08-15;25.4;0;16;3;0
1937-09;29.8;1937-09-19;24.4;0;13;0;0
1937-10;23.2;1937-10-27;17.1;0;0;0;0
1937-11;17.8;1937-11-11;8.1;0;0;0;0
1937-12;12.8;1937-12-16;3.3;12;0;0;0
1938-01;5.8;1938-01-14;0.1;9;0;0;0
1938-02;8.4;1938-02-28;4.3;0;0;0;0
1938-03;21.8;1938-03-22;12.6;0;0;0;0
1938-04;24.8;1938-04-03;13.3;0;0;0;0
1938-05;28.8;1938-05-21;20.0;0;4;0;0
1938-06;34.1;1938-06-29;27.1;0;22;7;0
1938-07;34.7;1938-07-09;27.5;0;25;9;0
1938-08;33.4;1938-08-03;25.5;0;17;8;0
1938-09;25.6;1938-09-10;21.5;0;1;0;0
1938-10;23.4;1938-10-11;16.5;0;0;0;0
1938-11;19.0;1938-11-04;10.2;0;0;0;0
1938-12;14.8;1938-12-02;2.1;11;0;0;0
1939-01;13.8;1939-01-19;4.0;6;0;0;0
1939-02;12.4;1939-02-13;6.0;1;0;0;0
1939-03;12.5;1939-03-27;6.7;0;0;0;0
1939-04;27.0;1939-04-08;19.1;0;2;0;0
1939-05;27.2;1939-05-19;20.7;0;4;0;0
1939-06;30.0;1939-06-30;25.8;0;19;1;0
1939-07;37.0;1939-07-22;28.5;0;25;13;1
1939-08;34.4;1939-08-06;26.9;0;22;5;0
1939-09;29.4;1939-09-13;21.9;0;12;0;0
1939-10;24.2;1939-10-16;14.0;0;0;0;0
1939-11;14.6;1939-11-09;8.0;0;0;0;0
1939-12;10.6;1939-12-06;2.4;8;0;0;0
1940-01;3.2;1940-01-23;-5.6;29;0;0;0
1940-02;4.8;1940-02-28;-3.0;16;0;0;0
1940-03;16.6;1940-03-26;4.4;7;0;0;0
1940-04;25.8;1940-04-25;15.7;0;4;0;0
1940-05;26.3;1940-05-25;18.8;0;5;0;0
1940-06;28.8;1940-06-29;23.6;0;10;0;0
1940-07;29.9;1940-07-08;25.3;0;20;0;0
1940-08;30.4;1940-08-11;22.5;0;7;1;0
1940-09;27.0;1940-09-10;20.8;0;8;0;0
1940-10;24.6;1940-10-03;15.3;0;0;0;0
1940-11;17.8;1940-11-18;10.5;0;0;0;0
1940-12;3.8;1940-12-09;-2.6;23;0;0;0
1941-01;10.8;1941-01-22;-0.1;17;0;0;0
1941-02;13.8;1941-02-17;5.2;3;0;0;0
1941-03;18.8;1941-03-31;9.0;1;0;0;0
1941-04;26.8;1941-04-06;14.2;0;1;0;0
1941-05;25.4;1941-05-28;18.3;0;2;0;0
1941-06;29.6;1941-06-26;23.2;0;10;0;0
1941-07;30.8;1941-07-14;25.3;0;14;2;0
1941-08;31.6;1941-08-18;24.8;0;17;3;0
1941-09;25.4;1941-09-07;18.1;0;1;0;0
1941-10;22.9;1941-10-05;13.4;0;0;0;0
1941-11;12.6;1941-11-02;4.9;4;0;0;0
1941-12;10.6;1941-12-16;2.3;10;0;0;0
1942-01;2.6;1942-01-06;-7.1;28;0;0;0
1942-02;7.8;1942-02-25;-0.2;18;0;0;0
1942-03;18.1;1942-03-28;5.8;1;0;0;0
1942-04;18.8;1942-04-22;12.9;0;0;0;0
1942-05;29.2;1942-05-29;20.9;0;5;0;0
1942-06;30.2;1942-06-12;24.2;0;13;1;0
1942-07;32.5;1942-07-11;26.3;0;22;5;0
1942-08;33.9;1942-08-04;27.7;0;24;14;0
1942-09;32.5;1942-09-01;26.6;0;18;7;0
1942-10;27.2;1942-10-01;17.5;0;4;0;0
1942-11;21.0;1942-11-01;6.0;2;0;0;0
1942-12;13.2;1942-12-20;4.7;1;0;0;0
1943-01;1.8;1943-01-16;-2.9;24;0;0;0
1943-02;12.0;1943-02-24;6.0;0;0;0;0
1943-03;18.2;1943-03-31;11.6;0;0;0;0
1943-04;26.4;1943-04-19;18.0;0;3;0;0
1943-05;27.6;1943-05-15;19.5;0;3;0;0
1943-06;29.1;1943-06-24;23.1;0;8;0;0
1943-07;34.0;1943-07-20;26.8;0;23;5;0
1943-08;37.4;1943-08-22;30.6;0;30;17;5
1943-09;31.8;1943-09-15;24.4;0;15;1;0
1943-10;27.0;1943-10-02;19.9;0;3;0;0
1943-11;15.0;1943-11-01;8.1;0;0;0;0
1943-12;6.0;1943-12-11;2.0;5;0;0;0
1944-01;9.8;1944-01-28;2.2;12;0;0;0
1944-02;12.0;1944-02-29;3.0;9;0;0;0
1944-03;11.8;1944-03-07;5.2;0;0;0;0
1944-04;25.0;1944-04-17;15.4;0;1;0;0
1944-05;27.8;1944-05-30;19.0;0;2;0;0
1944-06;29.2;1944-06-01;24.4;0;13;0;0
1944-07;29.6;1944-07-09;25.2;0;20;0;0
1944-08;32.6;1944-08-20;27.8;0;24;5;0
1944-09;33.9;1944-09-03;22.7;0;7;3;0
1944-10;26.5;1944-10-09;17.9;0;2;0;0
1944-11;15.0;1944-11-02;7.8;0;0;0;0
1944-12;15.0;1944-12-09;3.8;9;0;0;0
1945-01;10.0;1945-01-11;-0.0;17;0;0;0
1945-02;9.2;1945-02-28;3.2;2;0;0;0
1945-03;20.0;1945-03-26;9.3;3;0;0;0
1945-04;23.2;1945-04-03;16.0;0;0;0;0
1945-05;32.7;1945-05-14;23.7;0;14;2;0
1945-06;32.1;1945-06-08;25.0;0;17;2;0
1945-07;36.5;1945-07-28;26.6;0;20;5;2
1945-08;36.4;1945-08-09;26.5;0;20;5;1
1945-09;28.0;1945-09-19;21.3;0;6;0;0
1945-10;22.0;1945-10-31;14.3;0;0;0;0
1945-11;21.8;1945-11-01;8.4;1;0;0;0
1945-12;9.6;1945-12-25;3.5;5;0;0;0
1946-01;8.2;1946-01-12;-0.6;23;0;0;0
1946-02;10.7;1946-02-28;3.4;3;0;0;0
1946-03;20.2;1946-03-31;11.6;0;0;0;0
1946-04;27.3;1946-04-30;20.8;0;8;0;0
1946-05;28.7;1946-05-04;24.4;0;16;0;0
1946-06;34.0;1946-06-23;27.3;0;23;11;0
1946-07;36.9;1946-07-18;30.1;0;25;17;4
1946-08;39.2;1946-08-19;31.3;0;28;19;8
1946-09;36.4;1946-09-07;26.8;0;18;5;2
1946-10;19.4;1946-10-02;11.4;0;0;0;0
1946-11;21.2;1946-11-01;9.7;0;0;0;0
1946-12;13.0;1946-12-06;2.9;9;0;0;0
1947-01;2.5;1947-01-15;-4.4;27;0;0;0
1947-02;8.7;1947-02-23;1.3;11;0;0;0
1947-03;24.0;1947-03-30;11.9;0;0;0;0
1947-04;27.8;1947-04-28;19.6;0;5;0;0
1947-05;29.5;1947-05-31;25.1;0;21;0;0
1947-06;35.5;1947-06-29;27.7;0;20;12;2
1947-07;37.5;1947-07-08;29.1;0;28;13;3
1947-08;36.7;1947-08-06;27.4;0;26;7;2
1947-09;33.8;1947-09-15;27.4;0;20;9;0
1947-10;25.0;1947-10-07;15.5;0;1;0;0
1947-11;17.5;1947-11-02;9.7;0;0;0;0
1947-12;12.5;1947-12-02;4.1;5;0;0;0
1948-01;12.5;1948-01-26;6.8;3;0;0;0
1948-02;11.0;1948-02-01;4.2;4;0;0;0
1948-03;20.0;1948-03-22;12.4;0;0;0;0
1948-04;26.0;1948-04-21;20.5;0;6;0;0
1948-05;31.1;1948-05-14;24.5;0;19;1;0
1948-06;32.0;1948-06-20;24.5;0;13;3;0
1948-07;33.5;1948-07-23;26.6;0;17;9;0
1948-08;37.8;1948-08-10;27.5;0;22;11;2
1948-09;33.5;1948-09-06;24.7;0;16;4;0
1948-10;23.6;1948-10-03;17.0;0;0;0;0
1948-11;16.5;1948-11-05;5.3;7;0;0;0
1948-12;6.8;1948-12-13;-1.7;26;0;0;0
1949-01;12.2;1949-01-03;3.4;7;0;0;0
1949-02;11.5;1949-02-19;5.0;6;0;0;0
1949-03;21.4;1949-03-28;8.2;4;0;0;0
1949-04;28.6;1949-04-26;18.3;0;2;0;0
1949-05;31.0;1949-05-31;23.6;0;12;2;0
1949-06;32.4;1949-06-02;23.1;0;8;4;0
1949-07;34.7;1949-07-15;26.1;0;23;6;0
1949-08;33.2;1949-08-10;25.4;0;19;5;0
1949-09;28.6;1949-09-03;23.4;0;10;0;0
1949-10;23.2;1949-10-26;18.5;0;0;0;0
1949-11;18.2;1949-11-06;10.9;0;0;0;0
1949-12;12.5;1949-12-09;5.7;1;0;0;0
1950-01;5.5;1950-01-08;-1.2;21;0;0;0
1950-02;14.0;1950-02-26;4.6;5;0;0;0
1950-03;19.0;1950-03-30;12.0;0;0;0;0
1950-04;30.4;1950-04-21;17.9;0;4;1;0
1950-05;32.1;1950-05-26;24.7;0;12;5;0
1950-06;33.0;1950-06-30;27.2;0;26;3;0
1950-07;38.5;1950-07-01;29.5;0;28;12;4
1950-08;36.0;1950-08-28;28.4;0;27;9;3
1950-09;32.5;1950-09-16;23.5;0;10;4;0
1950-10;24.4;1950-10-01;15.3;0;0;0;0
1950-11;15.2;1950-11-12;8.7;0;0;0;0
1950-12;14.6;1950-12-08;6.3;4;0;0;0
1951-01;13.2;1951-01-13;5.0;3;0;0;0
1951-02;16.8;1951-02-07;8.4;0;0;0;0
1951-03;20.0;1951-03-31;10.9;0;0;0;0
1951-04;23.2;1951-04-30;16.8;0;0;0;0
1951-05;29.0;1951-05-28;20.9;0;5;0;0
1951-06;32.2;1951-06-19;25.8;0;13;6;0
1951-07;35.0;1951-07-16;27.0;0;22;9;1
1951-08;35.2;1951-08-09;27.6;0;25;8;1
1951-09;30.8;1951-09-07;24.4;0;15;4;0
1951-10;19.6;1951-10-23;15.6;0;0;0;0
1951-11;21.4;1951-11-10;12.6;0;0;0;0
1951-12;10.2;1951-12-06;3.5;7;0;0;0
1952-01;7.0;1952-01-28;2.8;3;0;0;0
1952-02;9.1;1952-02-23;2.2;6;0;0;0
1952-03;16.4;1952-03-30;6.2;3;0;0;0
1952-04;26.5;1952-04-23;20.2;0;8;0;0
1952-05;27.3;1952-05-02;20.3;0;8;0;0
1952-06;31.6;1952-06-19;25.2;0;16;4;0
1952-07;36.6;1952-07-15;29.5;0;28;14;1
1952-08;39.0;1952-08-16;30.8;0;28;19;4
1952-09;32.1;1952-09-06;21.5;0;7;2;0
1952-10;25.5;1952-10-01;14.6;0;1;0;0
1952-11;16.1;1952-11-19;7.7;0;0;0;0
1952-12;10.9;1952-12-15;3.7;6;0;0;0
1953-01;14.1;1953-01-01;2.9;7;0;0;0
1953-02;12.6;1953-02-23;3.2;7;0;0;0
1953-03;22.9;1953-03-30;10.6;1;0;0;0
1953-04;23.7;1953-04-27;18.0;0;0;0;0
1953-05;31.0;1953-05-25;20.5;0;8;1;0
1953-06;30.6;1953-06-23;25.5;0;19;2;0
1953-07;32.3;1953-07-10;28.6;0;30;10;0
1953-08;32.3;1953-08-22;25.7;0;21;5;0
1953-09;29.3;1953-09-29;23.2;0;14;0;0
1953-10;27.0;1953-10-17;18.8;0;6;0;0
1953-11;12.4;1953-11-03;6.5;0;0;0;0
1953-12;13.0;1953-12-01;3.0;11;0;0;0
1954-01;5.8;1954-01-21;-4.7;25;0;0;0
1954-02;4.0;1954-02-28;-1.8;18;0;0;0
1954-03;16.4;1954-03-05;11.7;0;0;0;0
1954-04;21.0;1954-04-06;12.4;0;0;0;0
1954-05;26.5;1954-05-31;21.4;0;7;0;0
1954-06;31.5;1954-06-21;26.2;0;20;5;0
1954-07;31.1;1954-07-01;25.5;0;15;4;0
1954-08;35.6;1954-08-15;27.2;0;21;9;1
1954-09;31.5;1954-09-15;25.1;0;19;6;0
1954-10;23.5;1954-10-19;15.1;0;0;0;0
1954-11;20.1;1954-11-06;7.9;3;0;0;0
1954-12;13.2;1954-12-12;5.5;3;0;0;0
1955-01;9.0;1955-01-17;1.8;9;0;0;0
1955-02;14.1;1955-02-18;4.8;7;0;0;0
1955-03;20.9;1955-03-26;8.0;2;0;0;0
1955-04;25.2;1955-04-30;12.7;0;1;0;0
1955-05;28.5;1955-05-02;21.4;0;7;0;0
1955-06;30.7;1955-06-08;23.7;0;14;1;0
1955-07;31.6;1955-07-20;25.7;0;20;2;0
1955-08;29.4;1955-08-23;25.2;0;20;0;0
1955-09;28.3;1955-09-04;22.8;0;13;0;0
1955-10;23.8;1955-10-11;17.3;0;0;0;0
1955-11;15.1;1955-11-10;8.0;1;0;0;0
1955-12;10.2;1955-12-08;4.9;0;0;0;0
1956-01;12.1;1956-01-22;4.4;4;0;0;0
1956-02;7.1;1956-02-19;-3.7;22;0;0;0
1956-03;17.8;1956-03-31;5.7;4;0;0;0
1956-04;26.5;1956-04-17;16.1;0;1;0;0
1956-05;25.0;1956-05-31;20.8;0;1;0;0
1956-06;29.8;1956-06-07;24.3;0;15;0;0
1956-07;33.1;1956-07-30;27.0;0;24;2;0
1956-08;34.8;1956-08-28;28.1;0;25;10;0
1956-09;32.7;1956-09-03;24.3;0;11;3;0
1956-10;28.1;1956-10-03;16.8;0;3;0;0
1956-11;15.0;1956-11-13;4.3;4;0;0;0
1956-12;11.0;1956-12-17;2.2;12;0;0;0
1957-01;5.2;1957-01-02;-0.4;16;0;0;0
1957-02;14.3;1957-02-18;7.0;1;0;0;0
1957-03;23.3;1957-03-21;12.2;0;0;0;0
1957-04;27.7;1957-04-30;17.9;0;3;0;0
1957-05;26.7;1957-05-18;18.0;0;6;0;0
1957-06;33.6;1957-06-12;26.7;0;20;6;0
1957-07;35.2;1957-07-06;27.6;0;22;9;2
1957-08;36.0;1957-08-14;26.3;0;17;7;2
1957-09;29.1;1957-09-09;21.9;0;8;0;0
1957-10;22.6;1957-10-20;17.5;0;0;0;0
1957-11;20.0;1957-11-02;10.7;0;0;0;0
1957-12;17.4;1957-12-13;2.6;10;0;0;0
1958-01;7.2;1958-01-13;0.7;15;0;0;0
1958-02;18.0;1958-02-27;6.4;3;0;0;0
1958-03;18.2;1958-03-30;5.7;0;0;0;0
1958-04;19.6;1958-04-27;12.3;0;0;0;0
1958-05;32.7;1958-05-12;26.2;0;19;9;0
1958-06;29.4;1958-06-03;23.4;0;10;0;0
1958-07;35.0;1958-07-17;27.5;0;23;9;1
1958-08;34.2;1958-08-02;26.6;0;22;5;0
1958-09;28.6;1958-09-08;22.8;0;8;0;0
1958-10;25.6;1958-10-07;16.8;0;1;0;0
1958-11;17.8;1958-11-11;9.4;0;0;0;0
1958-12;15.3;1958-12-20;6.8;5;0;0;0
1959-01;7.6;1959-01-01;1.8;9;0;0;0
1959-02;11.3;1959-02-27;1.0;14;0;0;0
1959-03;20.6;1959-03-24;13.8;0;0;0;0
1959-04;22.4;1959-04-17;16.6;0;0;0;0
1959-05;27.0;1959-05-20;21.5;0;7;0;0
1959-06;28.7;1959-06-08;24.2;0;15;0;0
1959-07;35.8;1959-07-12;28.3;0;27;9;1
1959-08;30.9;1959-08-25;26.2;0;19;3;0
1959-09;26.0;1959-09-13;20.6;0;2;0;0
1959-10;23.0;1959-10-28;16.5;0;0;0;0
1959-11;14.8;1959-11-13;9.1;0;0;0;0
1959-12;16.7;1959-12-03;6.7;2;0;0;0
1960-01;9.1;1960-01-28;0.8;13;0;0;0
1960-02;12.2;1960-02-13;3.6;8;0;0;0
1960-03;18.6;1960-03-28;11.6;0;0;0;0
1960-04;23.1;1960-04-14;15.9;0;0;0;0
1960-05;29.2;1960-05-19;20.4;0;4;0;0
1960-06;29.4;1960-06-15;25.2;0;18;0;0
1960-07;33.3;1960-07-20;26.0;0;19;8;0
1960-08;29.4;1960-08-01;25.7;0;18;0;0
1960-09;28.0;1960-09-05;20.5;0;6;0;0
1960-10;23.5;1960-10-29;17.5;0;0;0;0
1960-11;18.7;1960-11-05;10.5;0;0;0;0
1960-12;14.7;1960-12-09;7.7;0;0;0;0
1961-01;11.8;1961-01-04;1.1;15;0;0;0
1961-02;8.4;1961-02-21;3.4;1;0;0;0
1961-03;19.8;1961-03-18;12.7;0;0;0;0
1961-04;26.2;1961-04-15;19.8;0;3;0;0
1961-05;25.4;1961-05-28;19.8;0;1;0;0
1961-06;33.3;1961-06-27;26.2;0;17;4;0
1961-07;32.6;1961-07-04;26.2;0;21;5;0
1961-08;35.8;1961-08-11;26.6;0;18;7;3
1961-09;30.9;1961-09-19;25.3;0;14;4;0
1961-10;27.5;1961-10-19;19.7;0;2;0;0
1961-11;18.9;1961-11-04;10.7;0;0;0;0
1961-12;13.9;1961-12-04;1.8;13;0;0;0
1962-01;7.7;1962-01-22;2.2;8;0;0;0
1962-02;5.4;1962-02-13;1.8;5;0;0;0
1962-03;18.6;1962-03-05;5.0;6;0;0;0
1962-04;26.8;1962-04-22;18.2;0;6;0;0
1962-05;28.0;1962-05-28;21.7;0;10;0;0
1962-06;33.4;1962-06-25;23.6;0;14;6;0
1962-07;33.7;1962-07-27;24.6;0;15;2;0
1962-08;33.8;1962-08-07;29.1;0;26;14;0
1962-09;32.3;1962-09-05;22.6;0;9;3;0
1962-10;24.6;1962-10-03;18.3;0;0;0;0
1962-11;19.8;1962-11-01;10.4;0;0;0;0
1962-12;5.4;1962-12-13;-0.3;17;0;0;0
1963-01;5.6;1963-01-06;-5.0;24;0;0;0
1963-02;3.4;1963-02-20;-0.4;13;0;0;0
1963-03;14.7;1963-03-27;6.7;3;0;0;0
1963-04;25.4;1963-04-22;18.3;0;4;0;0
1963-05;29.3;1963-05-26;23.5;0;14;0;0
1963-06;33.4;1963-06-28;25.7;0;17;4;0
1963-07;34.3;1963-07-26;29.1;0;29;12;0
1963-08;34.4;1963-08-06;28.2;0;22;12;0
1963-09;28.6;1963-09-03;23.5;0;13;0;0
1963-10;27.4;1963-10-04;16.3;0;2;0;0
1963-11;22.4;1963-11-16;14.5;0;0;0;0
1963-12;6.6;1963-12-01;-1.6;22;0;0;0
1964-01;2.0;1964-01-03;-6.7;28;0;0;0
1964-02;5.4;1964-02-17;1.1;9;0;0;0
1964-03;19.3;1964-03-27;5.9;1;0;0;0
1964-04;24.4;1964-04-21;17.1;0;0;0;0
1964-05;26.9;1964-05-29;20.5;0;4;0;0
1964-06;31.4;1964-06-15;29.2;0;28;16;0
1964-07;34.4;1964-07-22;27.4;0;21;10;0
1964-08;34.0;1964-08-01;26.1;0;19;5;0
1964-09;28.8;1964-09-06;21.7;0;6;0;0
1964-10;22.7;1964-10-13;16.3;0;0;0;0
1964-11;15.7;1964-11-30;9.8;0;0;0;0
1964-12;9.8;1964-12-01;2.5;7;0;0;0
1965-01;11.3;1965-01-31;2.2;2;0;0;0
1965-02;8.9;1965-02-01;-1.0;19;0;0;0
1965-03;15.6;1965-03-19;9.7;0;0;0;0
1965-04;19.7;1965-04-08;14.1;0;0;0;0
1965-05;28.8;1965-05-19;19.2;0;3;0;0
1965-06;32.4;1965-06-26;23.7;0;12;3;0
1965-07;30.6;1965-07-16;25.5;0;19;2;0
1965-08;32.1;1965-08-08;23.7;0;12;3;0
1965-09;28.1;1965-09-03;23.2;0;10;0;0
1965-10;26.3;1965-10-01;16.4;0;3;0;0
1965-11;14.4;1965-11-01;5.9;5;0;0;0
1965-12;11.4;1965-12-10;4.0;4;0;0;0
1966-01;5.0;1966-01-03;-2.1;25;0;0;0
1966-02;16.8;1966-02-28;8.2;2;0;0;0
1966-03;13.5;1966-03-23;9.3;0;0;0;0
1966-04;26.3;1966-04-28;18.4;0;2;0;0
1966-05;27.7;1966-05-08;21.5;0;6;0;0
1966-06;30.0;1966-06-17;24.2;0;15;1;0
1966-07;30.8;1966-07-18;26.0;0;21;3;0
1966-08;32.8;1966-08-19;25.0;0;19;3;0
1966-09;26.8;1966-09-13;21.4;0;4;0;0
1966-10;26.4;1966-10-05;20.2;0;7;0;0
1966-11;18.4;1966-11-04;8.3;2;0;0;0
1966-12;12.9;1966-12-03;3.3;3;0;0;0
1967-01;5.1;1967-01-27;-0.8;18;0;0;0
1967-02;12.4;1967-02-27;3.2;8;0;0;0
1967-03;17.7;1967-03-11;11.3;0;0;0;0
1967-04;24.6;1967-04-10;15.3;0;0;0;0
1967-05;26.4;1967-05-13;21.6;0;6;0;0
1967-06;33.2;1967-06-27;24.7;0;14;5;0
1967-07;32.7;1967-07-23;28.8;0;29;12;0
1967-08;33.2;1967-08-03;26.6;0;21;6;0
1967-09;30.3;1967-09-07;24.1;0;14;1;0
1967-10;24.4;1967-10-03;19.2;0;0;0;0
1967-11;19.8;1967-11-06;9.8;0;0;0;0
1967-12;7.5;1967-12-25;1.9;11;0;0;0
1968-01;4.8;1968-01-19;-0.5;14;0;0;0
1968-02;14.8;1968-02-25;6.4;0;0;0;0
1968-03;23.8;1968-03-31;11.3;0;0;0;0
1968-04;28.6;1968-04-26;19.9;0;7;0;0
1968-05;33.4;1968-05-12;23.5;0;12;3;0
1968-06;34.0;1968-06-18;27.8;0;24;8;0
1968-07;35.6;1968-07-08;26.7;0;17;9;1
1968-08;29.0;1968-08-17;24.7;0;15;0;0
1968-09;31.4;1968-09-16;21.6;0;9;1;0
1968-10;23.7;1968-10-15;16.6;0;0;0;0
1968-11;21.4;1968-11-04;10.8;2;0;0;0
1968-12;10.4;1968-12-19;0.9;14;0;0;0
1969-01;8.7;1969-01-16;-0.8;19;0;0;0
1969-02;9.6;1969-02-16;3.3;5;0;0;0
1969-03;17.4;1969-03-14;7.9;0;0;0;0
1969-04;27.2;1969-04-30;15.6;0;4;0;0
1969-05;31.0;1969-05-15;24.3;0;16;2;0
1969-06;28.6;1969-06-19;23.3;0;9;0;0
1969-07;31.1;1969-07-27;26.1;0;21;3;0
1969-08;31.8;1969-08-14;25.0;0;14;3;0
1969-09;26.6;1969-09-03;22.6;0;8;0;0
1969-10;22.3;1969-10-13;17.1;0;0;0;0
1969-11;21.4;1969-11-14;12.4;0;0;0;0
1969-12;6.6;1969-12-10;-0.2;16;0;0;0
1970-01;9.7;1970-01-15;1.6;13;0;0;0
1970-02;10.2;1970-02-06;2.3;9;0;0;0
1970-03;17.3;1970-03-25;8.5;2;0;0;0
1970-04;25.3;1970-04-26;16.0;0;1;0;0
1970-05;25.3;1970-05-08;19.3;0;1;0;0
1970-06;30.2;1970-06-23;24.2;0;14;1;0
1970-07;31.0;1970-07-24;26.1;0;19;6;0
1970-08;30.6;1970-08-03;25.6;0;18;3;0
1970-09;29.3;1970-09-11;20.5;0;8;0;0
1970-10;25.4;1970-10-09;14.7;0;1;0;0
1970-11;17.4;1970-11-01;10.6;0;0;0;0
1970-12;10.4;1970-12-30;2.8;4;0;0;0
1971-01;13.7;1971-01-31;2.3;13;0;0;0
1971-02;12.4;1971-02-01;5.3;2;0;0;0
1971-03;20.8;1971-03-21;8.1;8;0;0;0
1971-04;22.6;1971-04-23;16.8;0;0;0;0
1971-05;29.0;1971-05-21;24.3;0;19;0;0
1971-06;28.0;1971-06-02;23.8;0;11;0;0
1971-07;33.0;1971-07-28;26.4;0;20;4;0
1971-08;34.4;1971-08-07;28.6;0;26;14;0
1971-09;26.1;1971-09-05;19.7;0;1;0;0
1971-10;22.8;1971-10-10;15.1;0;0;0;0
1971-11;19.4;1971-11-10;7.7;2;0;0;0
1971-12;8.1;1971-12-23;4.1;3;0;0;0
1972-01;12.0;1972-01-31;2.2;9;0;0;0
1972-02;15.3;1972-02-12;8.4;1;0;0;0
1972-03;20.6;1972-03-31;14.4;0;0;0;0
1972-04;25.2;1972-04-12;18.4;0;1;0;0
1972-05;28.7;1972-05-16;21.7;0;6;0;0
1972-06;31.1;1972-06-12;26.0;0;21;2;0
1972-07;33.7;1972-07-15;28.7;0;26;14;0
1972-08;34.7;1972-08-16;24.8;0;13;7;0
1972-09;27.4;1972-09-09;19.3;0;7;0;0
1972-10;18.7;1972-10-06;13.6;0;0;0;0
1972-11;16.4;1972-11-09;8.6;0;0;0;0
1972-12;13.8;1972-12-03;4.6;3;0;0;0
1973-01;7.2;1973-01-01;2.3;8;0;0;0
1973-02;10.2;1973-02-15;5.4;1;0;0;0
1973-03;21.6;1973-03-25;11.2;0;0;0;0
1973-04;25.6;1973-04-10;15.4;0;1;0;0
1973-05;31.4;1973-05-06;22.1;0;10;1;0
1973-06;30.6;1973-06-29;24.1;0;12;2;0
1973-07;32.2;1973-07-17;25.9;0;21;2;0
1973-08;32.4;1973-08-07;26.9;0;23;5;0
1973-09;31.5;1973-09-06;24.5;0;13;4;0
1973-10;25.8;1973-10-02;15.9;0;1;0;0
1973-11;15.4;1973-11-06;6.5;2;0;0;0
1973-12;10.2;1973-12-23;2.2;8;0;0;0
1974-01;7.4;1974-01-30;2.0;9;0;0;0
1974-02;18.0;1974-02-17;10.2;0;0;0;0
1974-03;26.4;1974-03-22;15.5;0;3;0;0
1974-04;23.4;1974-04-30;16.0;0;0;0;0
1974-05;26.8;1974-05-31;19.3;0;3;0;0
1974-06;28.7;1974-06-27;22.0;0;6;0;0
1974-07;31.7;1974-07-14;24.7;0;11;5;0
1974-08;33.4;1974-08-18;28.0;0;24;12;0
1974-09;28.0;1974-09-10;23.4;0;10;0;0
1974-10;19.1;1974-10-08;11.3;0;0;0;0
1974-11;16.2;1974-11-18;8.9;0;0;0;0
1974-12;12.6;1974-12-29;4.1;0;0;0;0
1975-01;11.6;1975-01-19;4.7;2;0;0;0
1975-02;11.0;1975-02-13;4.0;4;0;0;0
1975-03;24.1;1975-03-31;14.7;0;0;0;0
1975-04;23.0;1975-04-07;15.5;0;0;0;0
1975-05;29.0;1975-05-19;23.5;0;11;0;0
1975-06;31.1;1975-06-23;24.9;0;18;3;0
1975-07;30.4;1975-07-15;26.7;0;25;2;0
1975-08;30.1;1975-08-12;25.8;0;20;1;0
1975-09;28.9;1975-09-03;24.8;0;20;0;0
1975-10;27.1;1975-10-01;15.9;0;2;0;0
1975-11;15.5;1975-11-18;7.1;1;0;0;0
1975-12;8.9;1975-12-01;2.6;4;0;0;0
1976-01;9.3;1976-01-12;1.2;15;0;0;0
1976-02;9.6;1976-02-21;2.7;8;0;0;0
1976-03;15.7;1976-03-30;6.6;3;0;0;0
1976-04;24.2;1976-04-05;17.6;0;0;0;0
1976-05;25.7;1976-05-20;21.4;0;4;0;0
1976-06;31.3;1976-06-29;24.0;0;14;2;0
1976-07;33.5;1976-07-21;27.9;0;26;8;0
1976-08;27.8;1976-08-30;23.9;0;10;0;0
1976-09;28.3;1976-09-14;20.4;0;3;0;0
1976-10;26.2;1976-10-03;16.8;0;2;0;0
1976-11;20.3;1976-11-05;10.5;1;0;0;0
1976-12;11.2;1976-12-02;3.0;11;0;0;0
1977-01;9.6;1977-01-29;2.8;10;0;0;0
1977-02;17.0;1977-02-25;7.7;1;0;0;0
1977-03;23.3;1977-03-24;13.4;0;0;0;0
1977-04;26.1;1977-04-30;14.1;0;2;0;0
1977-05;30.6;1977-05-20;22.2;0;8;1;0
1977-06;31.6;1977-06-14;25.4;0;19;3;0
1977-07;30.9;1977-07-31;26.1;0;22;1;0
1977-08;30.1;1977-08-10;23.8;0;11;1;0
1977-09;29.5;1977-09-07;19.3;0;9;0;0
1977-10;25.0;1977-10-08;17.8;0;1;0;0
1977-11;16.8;1977-11-04;7.9;2;0;0;0
1977-12;4.3;1977-12-26;-0.8;17;0;0;0
1978-01;9.7;1978-01-13;2.2;7;0;0;0
1978-02;15.4;1978-02-26;3.4;7;0;0;0
1978-03;19.7;1978-03-30;11.2;0;0;0;0
1978-04;22.2;1978-04-13;15.2;0;0;0;0
1978-05;25.7;1978-05-22;18.6;0;2;0;0
1978-06;27.8;1978-06-08;22.9;0;10;0;0
1978-07;28.7;1978-07-05;24.1;0;13;0;0
1978-08;31.7;1978-08-08;24.5;0;14;2;0
1978-09;26.2;1978-09-11;19.3;0;4;0;0
1978-10;26.7;1978-10-03;16.2;0;2;0;0
1978-11;12.4;1978-11-02;3.2;5;0;0;0
1978-12;11.4;1978-12-29;3.4;5;0;0;0
1979-01;10.7;1979-01-29;-0.0;17;0;0;0
1979-02;9.6;1979-02-15;4.9;0;0;0;0
1979-03;18.5;1979-03-16;11.9;0;0;0;0
1979-04;21.1;1979-04-15;14.5;0;0;0;0
1979-05;31.0;1979-05-20;22.9;0;15;3;0
1979-06;32.1;1979-06-02;27.7;0;23;8;0
1979-07;29.5;1979-07-20;23.3;0;8;0;0
1979-08;33.7;1979-08-03;24.2;0;13;4;0
1979-09;28.6;1979-09-22;23.9;0;14;0;0
1979-10;26.6;1979-10-15;15.5;0;3;0;0
1979-11;17.5;1979-11-16;8.0;0;0;0;0
1979-12;11.4;1979-12-01;6.1;2;0;0;0
1980-01;6.1;1980-01-31;-0.9;18;0;0;0
1980-02;8.2;1980-02-06;3.8;4;0;0;0
1980-03;19.7;1980-03-29;9.2;0;0;0;0
1980-04;21.5;1980-04-18;13.9;0;0;0;0
1980-05;25.7;1980-05-28;18.4;0;2;0;0
1980-06;29.9;1980-06-15;23.0;0;9;0;0
1980-07;31.4;1980-07-16;24.1;0;12;1;0
1980-08;31.1;1980-08-05;24.6;0;15;1;0
1980-09;25.9;1980-09-22;20.9;0;1;0;0
1980-10;25.0;1980-10-18;16.2;0;1;0;0
1980-11;15.4;1980-11-17;7.0;0;0;0;0
1980-12;9.0;1980-12-21;1.9;8;0;0;0
1981-01;7.4;1981-01-04;-0.4;17;0;0;0
1981-02;11.3;1981-02-23;3.4;3;0;0;0
1981-03;20.6;1981-03-26;12.8;0;0;0;0
1981-04;22.1;1981-04-13;14.8;0;0;0;0
1981-05;29.5;1981-05-27;21.6;0;3;0;0
1981-06;31.0;1981-06-04;26.0;0;18;4;0
1981-07;32.2;1981-07-19;25.7;0;16;6;0
1981-08;33.1;1981-08-03;25.6;0;19;4;0
1981-09;30.5;1981-09-23;22.7;0;7;1;0
1981-10;25.4;1981-10-06;17.2;0;1;0;0
1981-11;15.3;1981-11-03;6.8;0;0;0;0
1981-12;9.4;1981-12-09;2.6;5;0;0;0
1982-01;9.2;1982-01-06;-2.0;22;0;0;0
1982-02;5.6;1982-02-16;1.2;9;0;0;0
1982-03;18.9;1982-03-28;10.2;0;0;0;0
1982-04;19.5;1982-04-08;13.0;0;0;0;0
1982-05;28.5;1982-05-11;22.8;0;11;0;0
1982-06;30.7;1982-06-03;25.4;0;18;2;0
1982-07;31.6;1982-07-18;26.1;0;17;4;0
1982-08;30.7;1982-08-14;26.7;0;22;5;0
1982-09;31.8;1982-09-07;25.8;0;19;3;0
1982-10;22.5;1982-10-23;16.7;0;0;0;0
1982-11;16.7;1982-11-10;9.5;0;0;0;0
1982-12;13.7;1982-12-18;6.0;2;0;0;0
1983-01;13.0;1983-01-28;4.8;0;0;0;0
1983-02;14.1;1983-02-11;3.9;4;0;0;0
1983-03;22.1;1983-03-25;12.8;0;0;0;0
1983-04;25.7;1983-04-21;18.2;0;2;0;0
1983-05;31.8;1983-05-22;24.1;0;14;5;0
1983-06;31.1;1983-06-04;24.4;0;14;2;0
1983-07;33.2;1983-07-19;28.1;0;27;8;0
1983-08;32.8;1983-08-02;27.2;0;25;2;0
1983-09;31.2;1983-09-11;23.1;0;9;1;0
1983-10;24.7;1983-10-06;16.0;0;0;0;0
1983-11;16.1;1983-11-06;5.3;4;0;0;0
1983-12;12.0;1983-12-19;3.3;11;0;0;0
1984-01;9.5;1984-01-03;2.8;5;0;0;0
1984-02;12.6;1984-02-26;4.3;4;0;0;0
1984-03;20.5;1984-03-29;9.7;0;0;0;0
1984-04;22.9;1984-04-16;17.0;0;0;0;0
1984-05;29.0;1984-05-05;20.9;0;5;0;0
1984-06;28.3;1984-06-21;23.4;0;9;0;0
1984-07;34.3;1984-07-13;24.7;0;13;5;0
1984-08;32.3;1984-08-06;26.0;0;19;5;0
1984-09;31.4;1984-09-06;22.6;0;10;3;0
1984-10;26.0;1984-10-01;17.1;0;1;0;0
1984-11;17.0;1984-11-08;9.4;0;0;0;0
1984-12;6.2;1984-12-01;1.3;13;0;0;0
1985-01;7.6;1985-01-24;-3.0;22;0;0;0
1985-02;8.3;1985-02-02;-3.7;23;0;0;0
1985-03;19.3;1985-03-31;9.3;0;0;0;0
1985-04;22.4;1985-04-05;16.4;0;0;0;0
1985-05;28.7;1985-05-13;21.8;0;10;0;0
1985-06;28.7;1985-06-07;21.3;0;4;0;0
1985-07;33.3;1985-07-29;26.6;0;21;7;0
1985-08;33.6;1985-08-26;27.6;0;24;12;0
1985-09;29.1;1985-09-21;21.5;0;8;0;0
1985-10;26.8;1985-10-05;15.7;0;5;0;0
1985-11;14.2;1985-11-09;7.5;0;0;0;0
1985-12;12.9;1985-12-29;6.4;1;0;0;0
1986-01;8.4;1986-01-23;2.5;9;0;0;0
1986-02;8.0;1986-02-19;1.2;11;0;0;0
1986-03;21.5;1986-03-29;9.6;2;0;0;0
1986-04;27.6;1986-04-26;19.6;0;11;0;0
1986-05;28.8;1986-05-30;24.1;0;13;0;0
1986-06;31.9;1986-06-19;25.0;0;14;7;0
1986-07;31.5;1986-07-05;26.1;0;18;4;0
1986-08;33.3;1986-08-05;28.2;0;25;13;0
1986-09;31.9;1986-09-17;24.3;0;12;2;0
1986-10;25.0;1986-10-03;17.1;0;1;0;0
1986-11;15.0;1986-11-17;9.8;0;0;0;0
1986-12;8.5;1986-12-31;-0.3;19;0;0;0
1987-01;9.0;1987-01-01;-2.2;18;0;0;0
1987-02;13.9;1987-02-20;4.6;4;0;0;0
1987-03;17.1;1987-03-28;5.0;7;0;0;0
1987-04;22.7;1987-04-30;16.2;0;0;0;0
1987-05;25.1;1987-05-01;19.9;0;1;0;0
1987-06;32.7;1987-06-15;25.6;0;17;4;0
1987-07;35.4;1987-07-24;29.7;0;28;15;2
1987-08;29.3;1987-08-25;23.8;0;11;0;0
1987-09;33.4;1987-09-14;25.0;0;17;3;0
1987-10;24.3;1987-10-11;17.1;0;0;0;0
1987-11;17.6;1987-11-26;8.8;0;0;0;0
1987-12;12.4;1987-12-30;3.4;6;0;0;0
1988-01;11.5;1988-01-06;4.8;4;0;0;0
1988-02;12.5;1988-02-07;6.1;2;0;0;0
1988-03;15.8;1988-03-31;8.7;0;0;0;0
1988-04;22.0;1988-04-30;16.0;0;0;0;0
1988-05;26.8;1988-05-31;22.1;0;8;0;0
1988-06;29.0;1988-06-30;24.0;0;10;0;0
1988-07;36.0;1988-07-06;28.9;0;25;15;2
1988-08;35.3;1988-08-13;27.5;0;21;12;1
1988-09;28.0;1988-09-02;21.1;0;4;0;0
1988-10;24.8;1988-10-13;16.1;0;0;0;0
1988-11;10.0;1988-11-02;3.1;8;0;0;0
1988-12;8.5;1988-12-05;2.6;5;0;0;0
1989-01;3.3;1989-01-10;-0.5;17;0;0;0
1989-02;17.7;1989-02-25;6.1;0;0;0;0
1989-03;24.1;1989-03-31;13.2;0;0;0;0
1989-04;27.3;1989-04-05;19.5;0;3;0;0
1989-05;27.4;1989-05-18;21.1;0;5;0;0
1989-06;27.9;1989-06-28;22.3;0;7;0;0
1989-07;33.0;1989-07-08;26.8;0;22;6;0
1989-08;32.9;1989-08-18;25.8;0;20;9;0
1989-09;28.2;1989-09-19;22.0;0;5;0;0
1989-10;23.5;1989-10-23;16.8;0;0;0;0
1989-11;18.7;1989-11-02;8.3;3;0;0;0
1989-12;15.5;1989-12-16;4.3;12;0;0;0
1990-01;15.4;1990-01-30;1.9;14;0;0;0
1990-02;17.8;1990-02-25;10.5;0;0;0;0
1990-03;23.4;1990-03-19;16.2;0;0;0;0
1990-04;21.7;1990-04-03;17.0;0;0;0;0
1990-05;27.5;1990-05-17;23.0;0;10;0;0
1990-06;33.2;1990-06-29;25.2;0;12;5;0
1990-07;34.6;1990-07-01;26.8;0;23;4;0
1990-08;34.0;1990-08-17;28.4;0;25;13;0
1990-09;31.7;1990-09-01;20.6;0;2;1;0
1990-10;23.4;1990-10-13;17.6;0;0;0;0
1990-11;17.3;1990-11-23;8.9;0;0;0;0
1990-12;10.6;1990-12-11;3.2;1;0;0;0
1991-01;11.8;1991-01-11;3.3;6;0;0;0
1991-02;8.4;1991-02-21;1.7;8;0;0;0
1991-03;24.9;1991-03-24;12.6;0;0;0;0
1991-04;20.5;1991-04-06;15.4;0;0;0;0
1991-05;23.1;1991-05-10;17.8;0;0;0;0
1991-06;34.2;1991-06-17;25.3;0;17;5;0
1991-07;34.6;1991-07-13;28.4;0;27;10;0
1991-08;31.7;1991-08-07;25.8;0;18;3;0
1991-09;30.2;1991-09-30;23.6;0;11;1;0
1991-10;24.9;1991-10-07;14.6;0;0;0;0
1991-11;14.4;1991-11-14;9.4;0;0;0;0
1991-12;7.5;1991-12-01;-0.8;21;0;0;0
1992-01;5.3;1992-01-17;1.1;11;0;0;0
1992-02;11.8;1992-02-29;5.4;2;0;0;0
1992-03;19.9;1992-03-25;11.4;0;0;0;0
1992-04;29.4;1992-04-27;18.3;0;4;0;0
1992-05;28.1;1992-05-22;22.7;0;7;0;0
1992-06;30.8;1992-06-23;26.2;0;19;2;0
1992-07;33.4;1992-07-31;28.6;0;29;10;0
1992-08;38.2;1992-08-30;33.3;0;30;26;11
1992-09;31.9;1992-09-01;23.1;0;6;2;0
1992-10;25.9;1992-10-06;14.7;0;2;0;0
1992-11;16.4;1992-11-02;8.9;0;0;0;0
1992-12;13.6;1992-12-05;1.8;14;0;0;0
1993-01;11.5;1993-01-23;2.4;13;0;0;0
1993-02;7.0;1993-02-11;0.4;12;0;0;0
1993-03;21.0;1993-03-22;8.2;3;0;0;0
1993-04;26.4;1993-04-28;15.9;0;3;0;0
1993-05;30.9;1993-05-27;25.6;0;18;1;0
1993-06;32.4;1993-06-23;25.6;0;18;2;0
1993-07;33.5;1993-07-20;26.1;0;21;4;0
1993-08;34.0;1993-08-22;27.4;0;22;11;0
1993-09;28.6;1993-09-25;21.3;0;6;0;0
1993-10;26.6;1993-10-13;17.5;0;4;0;0
1993-11;18.0;1993-11-07;5.3;4;0;0;0
1993-12;10.5;1993-12-21;5.4;3;0;0;0
1994-01;14.4;1994-01-07;5.6;1;0;0;0
1994-02;16.7;1994-02-28;5.2;5;0;0;0
1994-03;20.2;1994-03-31;12.9;0;0;0;0
1994-04;25.1;1994-04-30;17.1;0;1;0;0
1994-05;31.0;1994-05-18;21.5;0;8;2;0
1994-06;35.8;1994-06-29;25.6;0;14;5;1
1994-07;34.7;1994-07-30;30.0;0;29;17;0
1994-08;35.4;1994-08-02;28.9;0;26;12;3
1994-09;33.6;1994-09-08;26.7;0;19;7;0
1994-10;26.6;1994-10-03;15.2;0;1;0;0
1994-11;19.0;1994-11-01;9.1;0;0;0;0
1994-12;13.9;1994-12-13;3.5;2;0;0;0
1995-01;13.0;1995-01-26;1.2;16;0;0;0
1995-02;16.0;1995-02-08;9.6;0;0;0;0
1995-03;17.0;1995-03-05;10.9;0;0;0;0
1995-04;28.3;1995-04-22;16.4;0;3;0;0
1995-05;30.6;1995-05-27;21.1;0;7;2;0
1995-06;30.4;1995-06-01;24.2;0;15;1;0
1995-07;34.6;1995-07-23;30.0;0;31;15;0
1995-08;32.4;1995-08-23;27.8;0;26;11;0
1995-09;30.6;1995-09-14;21.2;0;4;1;0
1995-10;27.1;1995-10-11;19.3;0;4;0;0
1995-11;13.7;1995-11-01;5.4;3;0;0;0
1995-12;13.7;1995-12-24;2.8;6;0;0;0
1996-01;7.1;1996-01-12;1.0;14;0;0;0
1996-02;5.8;1996-02-19;0.7;12;0;0;0
1996-03;11.4;1996-03-14;5.8;3;0;0;0
1996-04;25.9;1996-04-23;18.4;0;1;0;0
1996-05;31.1;1996-05-19;24.2;0;12;1;0
1996-06;33.9;1996-06-10;26.9;0;20;9;0
1996-07;34.5;1996-07-08;26.4;0;16;8;0
1996-08;32.5;1996-08-03;26.6;0;24;2;0
1996-09;25.1;1996-09-03;17.6;0;1;0;0
1996-10;24.3;1996-10-16;16.9;0;0;0;0
1996-11;20.2;1996-11-05;12.3;0;0;0;0
1996-12;7.9;1996-12-19;1.2;10;0;0;0
1997-01;4.4;1997-01-21;0.3;11;0;0;0
1997-02;15.6;1997-02-25;5.0;3;0;0;0
1997-03;17.1;1997-03-03;10.6;0;0;0;0
1997-04;22.4;1997-04-28;13.2;0;0;0;0
1997-05;31.1;1997-05-15;23.2;0;12;4;0
1997-06;33.8;1997-06-29;25.5;0;16;3;0
1997-07;30.9;1997-07-04;25.4;0;18;2;0
1997-08;30.9;1997-08-15;27.2;0;27;1;0
1997-09;29.7;1997-09-13;22.5;0;9;0;0
1997-10;27.5;1997-10-10;14.7;0;4;0;0
1997-11;25.5;1997-11-08;11.0;0;1;0;0
1997-12;10.8;1997-12-03;4.8;5;0;0;0
1998-01;12.3;1998-01-08;6.1;4;0;0;0
1998-02;19.0;1998-02-22;10.2;3;0;0;0
1998-03;18.8;1998-03-04;9.1;0;0;0;0
1998-04;24.5;1998-04-04;18.7;0;0;0;0
1998-05;28.2;1998-05-29;21.1;0;9;0;0
1998-06;32.2;1998-06-07;25.4;0;16;4;0
1998-07;33.2;1998-07-22;26.4;0;19;7;0
1998-08;34.3;1998-08-04;26.9;0;20;9;0
1998-09;27.6;1998-09-12;20.2;0;2;0;0
1998-10;23.1;1998-10-07;15.4;0;0;0;0
1998-11;14.9;1998-11-04;6.3;0;0;0;0
1998-12;4.6;1998-12-17;-1.8;22;0;0;0
1999-01;9.2;1999-01-17;1.3;12;0;0;0
1999-02;9.5;1999-02-28;1.4;8;0;0;0
1999-03;20.7;1999-03-27;11.5;0;0;0;0
1999-04;24.9;1999-04-16;17.9;0;0;0;0
1999-05;29.4;1999-05-31;21.1;0;5;0;0
1999-06;30.1;1999-06-07;25.7;0;22;2;0
1999-07;33.2;1999-07-07;27.9;0;26;7;0
1999-08;32.5;1999-08-10;26.0;0;18;4;0
1999-09;30.1;1999-09-26;24.9;0;18;1;0
1999-10;26.5;1999-10-04;15.8;0;2;0;0
1999-11;18.0;1999-11-07;6.6;0;0;0;0
1999-12;11.7;1999-12-04;3.3;7;0;0;0
2000-01;7.1;2000-01-31;-1.0;22;0;0;0
2000-02;11.2;2000-02-07;6.5;0;0;0;0
2000-03;18.6;2000-03-29;9.7;0;0;0;0
2000-04;27.1;2000-04-18;19.9;0;8;0;0
2000-05;30.5;2000-05-28;24.4;0;17;1;0
2000-06;35.1;2000-06-23;27.2;0;19;12;1
2000-07;34.5;2000-07-04;26.0;0;18;7;0
2000-08;37.5;2000-08-21;29.4;0;27;12;5
2000-09;27.6;2000-09-13;20.9;0;5;0;0
2000-10;27.7;2000-10-13;20.3;0;6;0;0
2000-11;22.6;2000-11-01;14.9;0;0;0;0
2000-12;12.4;2000-12-28;6.1;4;0;0;0
2001-01;14.1;2001-01-07;4.3;3;0;0;0
2001-02;16.3;2001-02-09;7.0;1;0;0;0
2001-03;20.4;2001-03-25;12.6;0;0;0;0
2001-04;26.5;2001-04-30;16.7;0;1;0;0
2001-05;29.6;2001-05-18;23.9;0;14;0;0
2001-06;29.2;2001-06-10;23.1;0;8;0;0
2001-07;34.1;2001-07-16;26.9;0;21;5;0
2001-08;34.6;2001-08-10;28.5;0;25;12;0
2001-09;25.7;2001-09-01;19.4;0;3;0;0
2001-10;26.1;2001-10-03;17.8;0;1;0;0
2001-11;14.9;2001-10-31;5.8;3;0;0;0
2001-12;3.6;2001-12-30;-2.1;24;0;0;0
2002-01;14.7;2002-01-30;1.8;16;0;0;0
2002-02;14.5;2002-02-27;9.2;0;0;0;0
2002-03;20.0;2002-03-15;13.3;0;0;0;0
2002-04;23.6;2002-04-21;17.2;0;0;0;0
2002-05;29.6;2002-05-26;24.9;0;15;0;0
2002-06;35.3;2002-06-24;26.2;0;18;6;1
2002-07;35.7;2002-07-11;29.2;0;24;14;1
2002-08;29.7;2002-08-04;26.9;0;25;0;0
2002-09;29.6;2002-09-05;21.0;0;10;0;0
2002-10;22.5;2002-10-17;15.1;0;0;0;0
2002-11;20.5;2002-11-18;10.7;0;0;0;0
2002-12;10.8;2002-12-04;1.2;15;0;0;0
2003-01;10.3;2003-01-03;-0.7;17;0;0;0
2003-02;5.1;2003-02-27;-1.4;19;0;0;0
2003-03;19.3;2003-03-29;8.5;0;0;0;0
2003-04;26.5;2003-04-30;15.8;0;1;0;0
2003-05;31.6;2003-05-07;26.4;0;21;7;0
2003-06;32.1;2003-06-11;28.0;0;25;9;0
2003-07;33.6;2003-07-22;27.7;0;24;9;0
2003-08;34.8;2003-08-29;29.5;0;30;12;0
2003-09;30.0;2003-09-22;22.4;0;7;1;0
2003-10;25.5;2003-10-03;13.3;0;1;0;0
2003-11;18.9;2003-11-01;11.6;0;0;0;0
2003-12;9.2;2003-12-01;3.3;2;0;0;0
2004-01;8.1;2004-01-14;-0.5;19;0;0;0
2004-02;12.7;2004-02-06;4.0;4;0;0;0
2004-03;23.3;2004-03-19;10.6;1;0;0;0
2004-04;24.1;2004-04-30;17.1;0;0;0;0
2004-05;26.3;2004-05-04;20.6;0;3;0;0
2004-06;29.0;2004-06-20;24.8;0;14;0;0
2004-07;34.5;2004-07-09;26.7;0;20;9;0
2004-08;32.4;2004-08-20;26.5;0;23;3;0
2004-09;28.2;2004-09-15;20.4;0;3;0;0
2004-10;23.2;2004-10-31;17.5;0;0;0;0
2004-11;19.7;2004-11-02;9.0;0;0;0;0
2004-12;12.2;2004-12-27;3.8;5;0;0;0
2005-01;9.7;2005-01-09;2.5;9;0;0;0
2005-02;6.9;2005-02-24;0.1;12;0;0;0
2005-03;19.6;2005-03-28;8.2;5;0;0;0
2005-04;24.9;2005-04-17;17.0;0;0;0;0
2005-05;31.8;2005-05-30;22.4;0;11;4;0
2005-06;30.2;2005-06-29;24.1;0;15;1;0
2005-07;34.1;2005-07-31;26.6;0;18;6;0
2005-08;31.6;2005-08-03;24.8;0;13;3;0
2005-09;28.0;2005-09-10;22.6;0;8;0;0
2005-10;23.8;2005-10-04;17.1;0;0;0;0
2005-11;15.4;2005-11-05;9.0;1;0;0;0
2005-12;11.1;2005-12-05;3.0;4;0;0;0
2006-01;8.8;2006-01-05;0.5;14;0;0;0
2006-02;13.1;2006-02-20;1.8;15;0;0;0
2006-03;18.0;2006-03-28;7.4;2;0;0;0
2006-04;24.9;2006-04-27;17.3;0;0;0;0
2006-05;29.0;2006-05-23;20.8;0;2;0;0
2006-06;33.0;2006-06-27;24.5;0;16;6;0
2006-07;33.6;2006-07-21;29.3;0;27;14;0
2006-08;32.1;2006-08-20;24.5;0;12;4;0
2006-09;28.3;2006-09-04;24.0;0;10;0;0
2006-10;26.4;2006-10-04;18.7;0;3;0;0
2006-11;17.9;2006-11-18;10.9;0;0;0;0
2006-12;16.8;2006-12-09;4.9;7;0;0;0
2007-01;13.0;2007-01-11;7.6;1;0;0;0
2007-02;12.1;2007-02-14;7.3;0;0;0;0
2007-03;19.5;2007-03-07;14.3;0;0;0;0
2007-04;25.9;2007-04-28;19.2;0;1;0;0
2007-05;31.6;2007-05-22;24.5;0;13;6;0
2007-06;31.9;2007-06-21;28.0;0;26;6;0
2007-07;38.1;2007-07-20;29.9;0;25;14;7
2007-08;36.7;2007-08-23;28.8;0;27;9;2
2007-09;28.0;2007-09-18;20.8;0;4;0;0
2007-10;23.4;2007-10-02;15.4;0;0;0;0
2007-11;13.5;2007-11-03;7.5;0;0;0;0
2007-12;7.8;2007-12-04;1.2;13;0;0;0
2008-01;14.2;2008-01-13;4.9;2;0;0;0
2008-02;17.3;2008-02-25;8.8;3;0;0;0
2008-03;17.4;2008-03-28;11.2;0;0;0;0
2008-04;22.3;2008-04-21;16.5;0;0;0;0
2008-05;29.3;2008-05-31;22.6;0;7;0;0
2008-06;31.8;2008-06-23;26.2;0;21;3;0
2008-07;32.7;2008-07-13;26.3;0;22;3;0
2008-08;35.7;2008-08-15;28.0;0;25;10;1
2008-09;35.8;2008-09-07;21.0;0;10;4;1
2008-10;23.9;2008-10-30;18.1;0;0;0;0
2008-11;22.7;2008-11-02;11.7;0;0;0;0
2008-12;16.9;2008-12-01;6.2;4;0;0;0
2009-01;10.5;2009-01-23;1.0;13;0;0;0
2009-02;16.2;2009-02-07;4.1;7;0;0;0
2009-03;18.4;2009-03-30;9.9;0;0;0;0
2009-04;25.6;2009-04-30;21.9;0;1;0;0
2009-05;30.2;2009-05-22;23.5;0;13;1;0
2009-06;31.9;2009-06-09;25.3;0;18;2;0
2009-07;33.8;2009-07-18;29.6;0;30;12;0
2009-08;33.9;2009-08-03;28.8;0;29;13;0
2009-09;30.7;2009-09-03;25.7;0;18;2;0
2009-10;27.0;2009-10-08;15.6;0;3;0;0
2009-11;15.7;2009-11-30;10.5;0;0;0;0
2009-12;16.2;2009-12-01;4.8;7;0;0;0
2010-01;14.2;2010-01-09;1.0;15;0;0;0
2010-02;13.9;2010-02-19;4.6;5;0;0;0
2010-03;21.7;2010-03-25;10.8;1;0;0;0
2010-04;22.7;2010-04-25;17.0;0;0;0;0
2010-05;26.6;2010-05-04;21.4;0;4;0;0
2010-06;33.0;2010-06-12;24.5;0;16;5;0
2010-07;33.5;2010-07-17;27.9;0;24;12;0
2010-08;34.8;2010-08-15;27.4;0;25;9;0
2010-09;24.1;2010-09-09;19.9;0;0;0;0
2010-10;18.3;2010-10-06;14.1;0;0;0;0
2010-11;21.8;2010-11-16;13.4;0;0;0;0
2010-12;12.8;2010-12-08;1.4;12;0;0;0
2011-01;9.7;2011-01-15;1.8;12;0;0;0
2011-02;10.1;2011-02-18;1.5;9;0;0;0
2011-03;20.4;2011-03-16;11.2;0;0;0;0
2011-04;23.6;2011-04-22;18.8;0;0;0;0
2011-05;29.2;2011-05-23;23.2;0;13;0;0
2011-06;31.9;2011-06-23;26.7;0;22;8;0
2011-07;35.5;2011-07-10;26.2;0;14;11;1
2011-08;34.5;2011-08-25;28.1;0;27;8;0
2011-09;32.1;2011-09-12;26.3;0;19;6;0
2011-10;26.3;2011-10-01;15.9;0;2;0;0
2011-11;16.9;2011-11-06;7.2;5;0;0;0
2011-12;11.2;2011-12-05;4.6;4;0;0;0
2012-01;9.5;2012-01-02;3.5;5;0;0;0
2012-02;11.4;2012-02-25;-1.4;17;0;0;0
2012-03;22.1;2012-03-18;13.2;0;0;0;0
2012-04;30.3;2012-04-28;18.3;0;4;2;0
2012-05;31.6;2012-05-02;23.2;0;12;3;0
2012-06;33.4;2012-06-21;27.3;0;22;7;0
2012-07;36.6;2012-07-06;30.4;0;28;16;4
2012-08;37.5;2012-08-06;30.2;0;27;15;6
2012-09;33.7;2012-09-01;25.8;0;19;5;0
2012-10;28.2;2012-10-01;17.8;0;2;0;0
2012-11;20.4;2012-11-05;12.2;0;0;0;0
2012-12;8.6;2012-12-26;1.7;12;0;0;0
2013-01;14.0;2013-01-21;2.3;7;0;0;0
2013-02;14.5;2013-02-26;6.8;0;0;0;0
2013-03;16.2;2013-03-31;8.4;1;0;0;0
2013-04;29.9;2013-04-30;18.0;0;6;0;0
2013-05;29.7;2013-05-02;22.7;0;10;0;0
2013-06;33.3;2013-06-19;25.7;0;16;7;0
2013-07;36.3;2013-07-29;28.4;0;27;6;1
2013-08;36.4;2013-08-08;29.0;0;26;13;3
2013-09;27.2;2013-09-08;20.5;0;2;0;0
2013-10;26.3;2013-10-12;18.7;0;1;0;0
2013-11;20.9;2013-11-05;11.8;0;0;0;0
2013-12;14.4;2013-12-26;4.5;7;0;0;0
2014-01;12.9;2014-01-20;5.8;7;0;0;0
2014-02;15.9;2014-02-12;8.7;0;0;0;0
2014-03;21.4;2014-03-22;15.7;0;0;0;0
2014-04;24.9;2014-04-28;18.8;0;0;0;0
2014-05;29.4;2014-05-23;21.8;0;7;0;0
2014-06;34.1;2014-06-10;26.4;0;18;7;0
2014-07;32.8;2014-07-07;28.0;0;25;8;0
2014-08;32.8;2014-08-02;27.1;0;20;8;0
2014-09;29.6;2014-09-04;23.3;0;9;0;0
2014-10;25.8;2014-10-14;17.3;0;3;0;0
2014-11;22.0;2014-11-07;11.3;0;0;0;0
2014-12;10.7;2014-12-05;6.1;3;0;0;0
2015-01;11.0;2015-01-21;4.4;5;0;0;0
2015-02;16.3;2015-02-24;6.8;0;0;0;0
2015-03;22.0;2015-03-27;12.7;0;0;0;0
2015-04;26.5;2015-04-16;17.3;0;2;0;0
2015-05;28.8;2015-05-19;22.4;0;7;0;0
2015-06;32.5;2015-06-14;26.4;0;20;7;0
2015-07;36.5;2015-07-08;30.3;0;28;16;3
2015-08;36.8;2015-08-12;30.8;0;27;21;8
2015-09;34.8;2015-09-18;24.0;0;12;6;0
2015-10;23.9;2015-10-04;15.3;0;0;0;0
2015-11;17.6;2015-11-10;10.3;0;0;0;0
2015-12;12.9;2015-12-01;4.6;1;0;0;0
2016-01;10.4;2016-01-11;1.4;15;0;0;0
2016-02;16.1;2016-02-22;9.9;0;0;0;0
2016-03;21.2;2016-03-31;11.6;0;0;0;0
2016-04;25.9;2016-04-06;19.2;0;2;0;0
2016-05;28.9;2016-05-29;22.4;0;8;0;0
2016-06;34.1;2016-06-24;26.1;0;16;7;0
2016-07;32.7;2016-07-13;27.5;0;24;8;0
2016-08;32.1;2016-08-05;26.7;0;24;4;0
2016-09;30.9;2016-09-10;24.7;0;17;3;0
2016-10;24.8;2016-10-02;13.8;0;0;0;0
2016-11;17.8;2016-11-19;8.7;0;0;0;0
2016-12;8.3;2016-12-02;0.7;13;0;0;0
2017-01;2.8;2017-01-23;-2.4;23;0;0;0
2017-02;19.1;2017-02-28;4.6;9;0;0;0
2017-03;23.4;2017-03-22;14.6;0;0;0;0
2017-04;24.8;2017-04-03;16.5;0;0;0;0
2017-05;29.1;2017-05-30;22.9;0;8;0;0
2017-06;32.1;2017-06-28;27.6;0;25;6;0
2017-07;34.2;2017-07-21;28.0;0;24;9;0
2017-08;37.3;2017-08-04;30.2;0;26;18;6
2017-09;31.8;2017-09-01;22.3;0;7;2;0
2017-10;24.3;2017-10-17;16.9;0;0;0;0
2017-11;15.3;2017-11-05;9.3;0;0;0;0
2017-12;14.0;2017-12-12;5.5;2;0;0;0
2018-01;11.4;2018-01-30;5.6;1;0;0;0
2018-02;9.9;2018-02-02;3.4;4;0;0;0
2018-03;19.7;2018-03-31;7.5;6;0;0;0
2018-04;28.4;2018-04-29;22.3;0;8;0;0
2018-05;31.1;2018-05-02;26.0;0;21;3;0
2018-06;32.0;2018-06-12;26.6;0;20;6;0
2018-07;32.1;2018-07-30;28.3;0;28;8;0
2018-08;33.6;2018-08-21;30.9;0;29;23;0
2018-09;32.4;2018-09-02;25.1;0;19;4;0
2018-10;25.2;2018-10-09;20.2;0;3;0;0
2018-11;23.8;2018-11-01;12.0;1;0;0;0
2018-12;8.8;2018-12-23;3.0;5;0;0;0
2019-01;5.5;2019-01-01;0.9;10;0;0;0
2019-02;18.6;2019-02-28;8.7;0;0;0;0
2019-03;21.5;2019-03-17;14.5;0;0;0;0
2019-04;29.0;2019-04-26;19.5;0;2;0;0
2019-05;26.9;2019-05-19;19.6;0;4;0;0
2019-06;34.6;2019-06-15;29.5;0;28;14;0
2019-07;33.6;2019-07-02;27.9;0;25;9;0
2019-08;35.3;2019-08-12;30.5;0;29;18;2
2019-09;33.3;2019-09-02;24.2;0;13;2;0
2019-10;27.5;2019-10-24;20.2;0;6;0;0
2019-11;19.1;2019-11-09;14.2;0;0;0;0
2019-12;14.0;2019-12-19;6.2;4;0;0;0
