#datum;m_txx;m_txxd;m_txa;m_dtx0;m_dtx25;m_dtx30;m_dtx35
1901-01;9.0;1901-01-23;-0.7;17;0;0;0
1901-02;9.1;1901-02-06;2.3;10;0;0;0
1901-03;19.2;1901-03-19;11.0;0;0;0;0
1901-04;26.8;1901-04-10;16.9;0;1;0;0
1901-05;27.3;1901-05-31;22.0;0;6;0;0
1901-06;30.2;1901-06-15;25.7;0;21;2;0
1901-07;32.8;1901-07-30;27.4;0;24;9;0
1901-08;33.8;1901-08-01;24.9;0;17;1;0
1901-09;25.0;1901-09-01;20.3;0;1;0;0
1901-10;23.4;1901-10-04;15.7;0;0;0;0
1901-11;16.7;1901-11-14;7.7;0;0;0;0
1901-12;13.0;1901-12-26;7.7;0;0;0;0
1902-01;12.8;1902-01-25;7.1;0;0;0;0
1902-02;14.7;1902-02-08;6.1;0;0;0;0
1902-03;20.0;1902-03-22;10.2;0;0;0;0
1902-04;22.0;1902-04-14;16.1;0;0;0;0
1902-05;26.3;1902-05-31;17.3;0;2;0;0
1902-06;29.0;1902-06-02;22.7;0;9;0;0
1902-07;30.1;1902-07-08;25.3;0;17;3;0
1902-08;32.5;1902-08-03;26.6;0;19;8;0
1902-09;30.1;1902-09-01;21.4;0;8;2;0
1902-10;19.8;1902-10-17;14.9;0;0;0;0
1902-11;12.4;1902-11-02;5.6;4;0;0;0
1902-12;10.5;1902-12-27;0.6;15;0;0;0
1903-01;16.1;1903-01-11;2.7;11;0;0;0
1903-02;17.5;1903-02-23;8.6;1;0;0;0
1903-03;22.4;1903-03-27;13.3;0;0;0;0
1903-04;21.0;1903-04-29;13.2;0;0;0;0
1903-05;26.4;1903-05-08;21.1;0;3;0;0
1903-06;27.8;1903-06-03;22.5;0;5;0;0
1903-07;33.2;1903-07-20;24.9;0;17;4;0
1903-08;30.8;1903-08-10;25.3;0;16;3;0
1903-09;30.5;1903-09-07;22.5;0;10;2;0
1903-10;24.8;1903-10-07;16.3;0;0;0;0
1903-11;15.3;1903-11-02;9.8;0;0;0;0
1903-12;13.5;1903-12-02;5.0;3;0;0;0
1904-01;10.0;1904-01-14;1.1;14;0;0;0
1904-02;12.1;1904-02-05;7.3;0;0;0;0
1904-03;16.5;1904-03-26;10.9;0;0;0;0
1904-04;24.2;1904-04-23;17.0;0;0;0;0
1904-05;29.5;1904-05-18;21.5;0;5;0;0
1904-06;30.0;1904-06-25;24.6;0;14;1;0
1904-07;33.7;1904-07-26;29.2;0;30;12;0
1904-08;33.1;1904-08-07;26.6;0;20;8;0
1904-09;27.2;1904-09-14;19.0;0;5;0;0
1904-10;19.0;1904-10-02;14.8;0;0;0;0
1904-11;16.0;1904-11-10;6.9;4;0;0;0
1904-12;13.0;1904-12-08;5.1;4;0;0;0
1905-01;7.0;1905-01-30;-0.1;15;0;0;0
1905-02;10.0;1905-02-28;4.1;4;0;0;0
1905-03;21.2;1905-03-31;11.5;0;0;0;0
1905-04;23.0;1905-04-30;14.8;0;0;0;0
1905-05;25.9;1905-05-03;20.8;0;3;0;0
1905-06;29.2;1905-06-30;25.2;0;20;0;0
1905-07;34.2;1905-07-03;28.9;0;27;12;0
1905-08;34.9;1905-08-05;28.5;0;24;11;0
1905-09;31.0;1905-09-12;23.8;0;11;5;0
1905-10;19.9;1905-10-01;10.4;0;0;0;0
1905-11;16.5;1905-11-05;10.2;0;0;0;0
1905-12;9.2;1905-12-01;5.0;2;0;0;0
1906-01;9.9;1906-01-14;2.8;7;0;0;0
1906-02;16.1;1906-02-28;4.4;0;0;0;0
1906-03;19.0;1906-03-19;11.1;0;0;0;0
1906-04;24.0;1906-04-13;17.3;0;0;0;0
1906-05;25.4;1906-05-29;21.3;0;2;0;0
1906-06;31.6;1906-06-29;22.7;0;14;1;0
1906-07;30.0;1906-07-19;25.6;0;22;1;0
1906-08;31.5;1906-08-04;25.2;0;17;5;0
1906-09;29.1;1906-09-05;19.6;0;10;0;0
1906-10;21.0;1906-10-16;15.4;0;0;0;0
1906-11;17.2;1906-11-08;12.2;0;0;0;0
1906-12;11.0;1906-12-01;2.4;8;0;0;0
1907-01;8.0;1907-01-03;2.0;8;0;0;0
1907-02;9.1;1907-02-20;2.0;12;0;0;0
1907-03;16.0;1907-03-20;7.1;0;0;0;0
1907-04;18.6;1907-04-27;12.2;0;0;0;0
1907-05;29.9;1907-05-09;23.9;0;16;0;0
1907-06;30.1;1907-06-30;24.9;0;16;1;0
1907-07;32.4;1907-07-02;25.2;0;17;3;0
1907-08;32.8;1907-08-10;26.9;0;22;8;0
1907-09;30.0;1907-09-03;22.8;0;5;1;0
1907-10;25.8;1907-10-10;21.2;0;1;0;0
1907-11;16.8;1907-11-01;8.2;0;0;0;0
1907-12;10.1;1907-12-21;6.3;1;0;0;0
1908-01;9.4;1908-01-28;1.6;10;0;0;0
1908-02;13.0;1908-02-23;5.4;1;0;0;0
1908-03;15.3;1908-03-31;9.5;0;0;0;0
1908-04;20.1;1908-04-26;14.7;0;0;0;0
1908-05;30.5;1908-05-31;24.7;0;18;4;0
1908-06;34.0;1908-06-20;27.0;0;23;9;0
1908-07;32.0;1908-07-14;26.4;0;20;3;0
1908-08;30.1;1908-08-06;23.5;0;10;1;0
1908-09;25.3;1908-09-10;20.1;0;2;0;0
1908-10;23.1;1908-10-05;15.4;0;0;0;0
1908-11;10.2;1908-11-01;4.0;2;0;0;0
1908-12;7.0;1908-12-20;1.8;11;0;0;0
1909-01;10.0;1909-01-16;-0.0;16;0;0;0
1909-02;8.0;1909-02-05;1.5;8;0;0;0
1909-03;20.0;1909-03-30;10.8;0;0;0;0
1909-04;26.4;1909-04-27;17.1;0;5;0;0
1909-05;29.2;1909-05-17;20.1;0;8;0;0
1909-06;29.2;1909-06-22;23.2;0;8;0;0
1909-07;32.8;1909-07-26;24.4;0;14;3;0
1909-08;31.2;1909-08-02;25.9;0;20;4;0
1909-09;27.0;1909-09-11;22.1;0;7;0;0
1909-10;23.1;1909-10-06;17.7;0;0;0;0
1909-11;16.4;1909-11-16;7.2;3;0;0;0
1909-12;15.0;1909-12-24;7.4;1;0;0;0
1910-01;9.2;1910-01-19;4.4;1;0;0;0
1910-02;15.6;1910-02-20;8.4;0;0;0;0
1910-03;16.8;1910-03-13;12.1;0;0;0;0
1910-04;22.6;1910-04-15;15.6;0;0;0;0
1910-05;27.8;1910-05-19;20.1;0;8;0;0
1910-06;28.2;1910-06-04;24.7;0;17;0;0
1910-07;31.4;1910-07-23;24.9;0;16;2;0
1910-08;31.2;1910-08-22;25.3;0;16;3;0
1910-09;24.8;1910-09-11;18.9;0;0;0;0
1910-10;22.8;1910-10-01;16.1;0;0;0;0
1910-11;17.2;1910-11-09;8.3;0;0;0;0
1910-12;14.0;1910-12-10;7.5;0;0;0;0
1911-01;11.7;1911-01-27;3.2;4;0;0;0
1911-02;12.8;1911-02-19;4.8;5;0;0;0
1911-03;22.2;1911-03-29;11.4;0;0;0;0
1911-04;23.2;1911-04-24;15.2;0;0;0;0
1911-05;27.2;1911-05-16;20.0;0;7;0;0
1911-06;29.7;1911-06-26;22.5;0;10;0;0
1911-07;32.9;1911-07-27;27.8;0;25;11;0
1911-08;32.1;1911-08-24;26.7;0;25;7;0
1911-09;29.1;1911-09-04;22.4;0;9;0;0
1911-10;23.8;1911-10-07;16.4;0;0;0;0
1911-11;17.8;1911-11-22;12.2;0;0;0;0
1911-12;11.0;1911-12-16;6.1;0;0;0;0
1912-01;12.0;1912-01-24;1.6;14;0;0;0
1912-02;14.4;1912-02-28;8.5;3;0;0;0
1912-03;19.1;1912-03-29;13.3;0;0;0;0
1912-04;22.0;1912-04-09;12.9;0;0;0;0
1912-05;30.0;1912-05-13;20.4;0;4;1;0
1912-06;28.6;1912-06-07;24.5;0;12;0;0
1912-07;30.1;1912-07-29;25.9;0;22;1;0
1912-08;30.1;1912-08-05;23.5;0;11;1;0
1912-09;20.8;1912-09-05;14.5;0;0;0;0
1912-10;23.7;1912-10-03;13.6;0;0;0;0
1912-11;13.1;1912-11-01;6.2;0;0;0;0
1912-12;11.2;1912-12-27;5.2;3;0;0;0
1913-01;9.0;1913-01-26;1.2;14;0;0;0
1913-02;10.6;1913-02-27;4.3;4;0;0;0
1913-03;22.1;1913-03-24;14.4;0;0;0;0
1913-04;26.0;1913-04-26;16.8;0;4;0;0
1913-05;27.4;1913-05-31;19.5;0;4;0;0
1913-06;29.7;1913-06-02;23.4;0;12;0;0
1913-07;26.4;1913-07-15;21.5;0;3;0;0
1913-08;27.0;1913-08-06;22.4;0;9;0;0
1913-09;28.0;1913-09-05;20.3;0;9;0;0
1913-10;23.2;1913-10-08;16.7;0;0;0;0
1913-11;19.0;1913-11-13;11.4;0;0;0;0
1913-12;12.8;1913-12-04;5.7;2;0;0;0
1914-01;4.1;1914-01-04;-1.4;19;0;0;0
1914-02;13.4;1914-02-27;2.4;15;0;0;0
1914-03;19.1;1914-03-10;11.3;0;0;0;0
1914-04;24.1;1914-04-30;17.4;0;0;0;0
1914-05;24.5;1914-05-24;19.4;0;0;0;0
1914-06;27.6;1914-06-29;21.9;0;7;0;0
1914-07;31.2;1914-07-23;23.9;0;12;1;0
1914-08;28.4;1914-08-04;24.2;0;14;0;0
1914-09;27.8;1914-09-11;19.1;0;4;0;0
1914-10;18.4;1914-10-29;13.6;0;0;0;0
1914-11;13.7;1914-11-05;6.6;2;0;0;0
1914-12;13.3;1914-12-15;6.8;0;0;0;0
1915-01;9.1;1915-01-03;4.9;3;0;0;0
1915-02;14.6;1915-02-14;6.2;6;0;0;0
1915-03;16.1;1915-03-18;9.0;2;0;0;0
1915-04;21.1;1915-04-27;14.4;0;0;0;0
1915-05;26.0;1915-05-18;20.4;0;2;0;0
1915-06;29.4;1915-06-13;23.6;0;12;0;0
1915-07;31.0;1915-07-14;24.4;0;14;2;0
1915-08;26.4;1915-08-29;22.4;0;9;0;0
1915-09;23.6;1915-09-18;18.4;0;0;0;0
1915-10;20.7;1915-10-02;11.7;0;0;0;0
1915-11;15.1;1915-11-03;6.9;3;0;0;0
1915-12;16.1;1915-12-10;9.2;1;0;0;0
1916-01;10.9;1916-01-23;6.4;1;0;0;0
1916-02;12.1;1916-02-28;5.2;2;0;0;0
1916-03;20.0;1916-03-30;14.8;0;0;0;0
1916-04;21.2;1916-04-07;16.0;0;0;0;0
1916-05;26.8;1916-05-27;21.3;0;2;0;0
1916-06;29.5;1916-06-10;23.9;0;11;0;0
1916-07;33.2;1916-07-10;26.5;0;22;5;0
1916-08;31.4;1916-08-17;25.5;0;19;3;0
1916-09;25.4;1916-09-04;21.0;0;2;0;0
1916-10;26.9;1916-10-15;16.2;0;2;0;0
1916-11;18.8;1916-11-09;11.1;0;0;0;0
1916-12;13.7;1916-12-13;8.0;0;0;0;0
1917-01;14.2;1917-01-16;3.8;10;0;0;0
1917-02;7.3;1917-02-27;0.5;12;0;0;0
1917-03;17.6;1917-03-20;8.7;0;0;0;0
1917-04;24.0;1917-04-15;14.7;0;0;0;0
1917-05;29.2;1917-05-30;23.6;0;14;0;0
1917-06;34.2;1917-06-29;28.4;0;26;10;0
1917-07;34.9;1917-07-31;27.6;0;24;9;0
1917-08;36.2;1917-08-02;30.2;0;28;19;4
1917-09;33.2;1917-09-20;26.5;0;19;6;0
1917-10;26.2;1917-10-03;17.7;0;4;0;0
1917-11;14.9;1917-11-11;10.1;0;0;0;0
1917-12;15.1;1917-12-01;1.9;9;0;0;0
1918-01;14.8;1918-01-23;6.6;5;0;0;0
1918-02;13.2;1918-02-10;4.5;11;0;0;0
1918-03;20.8;1918-03-25;12.0;0;0;0;0
1918-04;24.1;1918-04-13;19.9;0;0;0;0
1918-05;29.4;1918-05-22;21.8;0;7;0;0
1918-06;35.1;1918-06-18;23.7;0;10;2;1
1918-07;36.1;1918-07-18;26.9;0;19;10;1
1918-08;34.4;1918-08-23;26.0;0;20;7;0
1918-09;35.2;1918-09-25;25.7;0;16;3;2
1918-10;21.9;1918-10-14;15.4;0;0;0;0
1918-11;20.0;1918-11-04;6.5;2;0;0;0
1918-12;11.0;1918-12-31;4.6;0;0;0;0
1919-01;11.5;1919-01-05;5.1;2;0;0;0
1919-02;17.0;1919-02-22;5.5;9;0;0;0
1919-03;19.7;1919-03-27;11.4;0;0;0;0
1919-04;20.3;1919-04-13;15.1;0;0;0;0
1919-05;23.0;1919-05-11;16.2;0;0;0;0
1919-06;29.0;1919-06-21;22.6;0;11;0;0
1919-07;31.0;1919-07-08;22.7;0;7;1;0
1919-08;29.0;1919-08-22;23.8;0;11;0;0
1919-09;26.5;1919-09-15;22.9;0;5;0;0
1919-10;23.5;1919-10-01;13.5;0;0;0;0
1919-11;16.0;1919-11-07;8.0;1;0;0;0
1919-12;10.5;1919-12-01;3.3;6;0;0;0
1920-01;16.0;1920-01-13;6.3;3;0;0;0
1920-02;14.0;1920-02-27;7.7;1;0;0;0
1920-03;23.5;1920-03-07;13.4;0;0;0;0
1920-04;27.5;1920-04-19;19.2;0;3;0;0
1920-05;27.5;1920-05-20;22.4;0;13;0;0
1920-06;28.0;1920-06-30;21.6;0;6;0;0
1920-07;31.0;1920-07-09;25.9;0;22;4;0
1920-08;29.0;1920-08-05;23.2;0;16;0;0
1920-09;29.0;1920-09-21;21.8;0;9;0;0
1920-10;24.0;1920-10-03;13.4;0;0;0;0
1920-11;9.5;1920-11-17;4.2;4;0;0;0
1920-12;12.5;1920-12-29;4.6;2;0;0;0
1921-01;16.0;1921-01-30;8.3;0;0;0;0
1921-02;11.5;1921-02-02;5.7;3;0;0;0
1921-03;22.5;1921-03-25;14.2;0;0;0;0
1921-04;22.0;1921-04-13;16.1;0;0;0;0
1921-05;29.5;1921-05-20;23.0;0;15;0;0
1921-06;30.0;1921-06-04;21.5;0;9;1;0
1921-07;37.5;1921-07-30;28.5;0;23;11;4
1921-08;37.0;1921-08-12;27.5;0;22;10;2
1921-09;31.0;1921-09-16;22.5;0;10;1;0
1921-10;23.5;1921-10-12;18.6;0;0;0;0
1921-11;13.5;1921-11-06;4.6;7;0;0;0
1921-12;10.0;1921-12-20;2.3;14;0;0;0
1922-01;8.3;1922-01-02;0.9;14;0;0;0
1922-02;11.8;1922-02-28;1.7;11;0;0;0
1922-03;18.9;1922-03-10;13.4;0;0;0;0
1922-04;27.0;1922-04-30;15.2;0;2;0;0
1922-05;28.5;1922-05-27;21.7;0;8;0;0
1922-06;31.2;1922-06-11;25.5;0;21;2;0
1922-07;35.9;1922-07-12;28.0;0;22;13;1
1922-08;37.4;1922-08-15;28.7;0;24;16;3
1922-09;29.0;1922-09-01;20.6;0;5;0;0
1922-10;22.5;1922-10-06;11.9;0;0;0;0
1922-11;16.6;1922-11-04;7.3;1;0;0;0
1922-12;15.5;1922-12-21;6.1;4;0;0;0
1923-01;9.2;1923-01-01;4.2;3;0;0;0
1923-02;14.1;1923-02-03;4.1;7;0;0;0
1923-03;20.9;1923-03-28;11.1;0;0;0;0
1923-04;24.0;1923-04-13;14.9;0;0;0;0
1923-05;33.5;1923-05-31;24.3;0;15;3;0
1923-06;31.7;1923-06-01;21.4;0;5;1;0
1923-07;34.2;1923-07-15;28.4;0;24;11;0
1923-08;35.6;1923-08-11;28.6;0;27;10;2
1923-09;33.8;1923-09-01;24.5;0;12;4;0
1923-10;27.0;1923-10-02;20.5;0;3;0;0
1923-11;17.8;1923-11-07;11.2;0;0;0;0
1923-12;12.2;1923-12-01;4.2;9;0;0;0
1924-01;8.5;1924-01-21;0.9;13;0;0;0
1924-02;7.7;1924-02-03;1.9;5;0;0;0
1924-03;18.8;1924-03-25;9.2;1;0;0;0
1924-04;23.2;1924-04-26;14.9;0;0;0;0
1924-05;30.5;1924-05-25;23.5;0;16;2;0
1924-06;32.0;1924-06-01;24.7;0;12;3;0
1924-07;34.6;1924-07-05;26.7;0;19;7;0
1924-08;30.0;1924-08-08;24.4;0;14;1;0
1924-09;30.2;1924-09-25;24.5;0;13;1;0
1924-10;25.1;1924-10-05;16.6;0;1;0;0
1924-11;21.5;1924-11-04;8.0;1;0;0;0
1924-12;15.6;1924-12-03;2.8;13;0;0;0
1925-01;13.9;1925-01-04;4.4;7;0;0;0
1925-02;20.9;1925-02-15;11.1;0;0;0;0
1925-03;19.0;1925-03-25;9.8;0;0;0;0
1925-04;23.2;1925-04-25;17.6;0;0;0;0
1925-05;28.6;1925-05-31;21.9;0;8;0;0
1925-06;31.2;1925-06-02;23.0;0;8;3;0
1925-07;30.4;1925-07-25;26.4;0;24;4;0
1925-08;32.5;1925-08-24;26.2;0;18;5;0
1925-09;29.0;1925-09-24;19.9;0;5;0;0
1925-10;26.0;1925-10-03;17.6;0;3;0;0
1925-11;18.0;1925-11-04;9.3;2;0;0;0
1925-12;14.0;1925-12-23;2.7;12;0;0;0
1926-01;11.0;1926-01-01;2.9;9;0;0;0
1926-02;14.5;1926-02-22;9.3;0;0;0;0
1926-03;24.7;1926-03-30;10.1;0;0;0;0
1926-04;27.5;1926-04-24;18.2;0;2;0;0
1926-05;26.0;1926-05-01;20.6;0;4;0;0
1926-06;29.0;1926-06-13;22.1;0;6;0;0
1926-07;32.0;1926-07-20;25.0;0;19;2;0
1926-08;31.0;1926-08-17;24.4;0;12;2;0
1926-09;31.0;1926-09-07;24.0;0;16;3;0
1926-10;26.0;1926-10-30;18.1;0;1;0;0
1926-11;22.8;1926-11-01;16.8;0;0;0;0
1926-12;9.0;1926-12-31;3.8;4;0;0;0
1927-01;11.0;1927-01-04;5.1;2;0;0;0
1927-02;15.8;1927-02-28;4.9;2;0;0;0
1927-03;19.8;1927-03-22;13.7;0;0;0;0
1927-04;26.5;1927-04-30;16.8;0;2;0;0
1927-05;29.0;1927-05-31;20.9;0;5;0;0
1927-06;35.0;1927-06-18;28.0;0;22;14;1
1927-07;36.2;1927-07-09;29.4;0;28;15;2
1927-08;35.6;1927-08-03;28.0;0;22;14;2
1927-09;31.2;1927-09-25;23.5;0;10;1;0
1927-10;23.6;1927-10-29;16.1;0;0;0;0
1927-11;23.0;1927-11-10;10.8;0;0;0;0
1927-12;7.4;1927-12-27;-0.0;13;0;0;0
1928-01;9.6;1928-01-10;2.7;6;0;0;0
1928-02;15.3;1928-02-17;6.0;3;0;0;0
1928-03;20.5;1928-03-31;8.6;0;0;0;0
1928-04;27.0;1928-04-29;17.9;0;1;0;0
1928-05;24.9;1928-05-31;18.2;0;0;0;0
1928-06;34.0;1928-06-26;24.9;0;15;4;0
1928-07;38.2;1928-07-17;31.6;0;30;22;6
1928-08;35.9;1928-08-02;29.6;0;25;16;3
1928-09;33.8;1928-09-10;22.8;0;9;6;0
1928-10;23.3;1928-10-21;17.2;0;0;0;0
1928-11;22.6;1928-11-01;12.0;0;0;0;0
1928-12;10.6;1928-12-12;3.2;7;0;0;0
1929-01;3.8;1929-01-20;-1.2;21;0;0;0
1929-02;10.9;1929-02-26;-3.8;22;0;0;0
1929-03;15.4;1929-03-22;8.1;4;0;0;0
1929-04;24.7;1929-04-30;12.8;0;0;0;0
1929-05;28.2;1929-05-29;22.2;0;13;0;0
1929-06;31.7;1929-06-10;24.7;0;17;2;0
1929-07;35.2;1929-07-24;27.7;0;22;10;1
1929-08;35.2;1929-08-02;28.5;0;24;13;2
1929-09;32.7;1929-09-04;23.8;0;13;7;0
1929-10;26.6;1929-10-05;18.4;0;7;0;0
1929-11;18.8;1929-11-02;10.6;0;0;0;0
1929-12;14.8;1929-12-05;6.2;5;0;0;0
1930-01;9.8;1930-01-15;3.3;11;0;0;0
1930-02;14.8;1930-02-28;6.3;0;0;0;0
1930-03;20.5;1930-03-18;13.6;0;0;0;0
1930-04;26.3;1930-04-26;17.7;0;2;0;0
1930-05;30.3;1930-05-31;20.7;0;4;2;0
1930-06;33.5;1930-06-27;27.5;0;24;8;0
1930-07;33.9;1930-07-06;27.6;0;22;9;0
1930-08;30.3;1930-08-07;26.1;0;22;5;0
1930-09;29.6;1930-09-13;24.1;0;12;0;0
1930-10;22.2;1930-10-09;16.2;0;0;0;0
1930-11;19.4;1930-11-23;13.4;0;0;0;0
1930-12;12.9;1930-12-01;3.5;4;0;0;0
1931-01;11.1;1931-01-04;4.2;6;0;0;0
1931-02;10.4;1931-02-20;3.8;4;0;0;0
1931-03;17.4;1931-03-22;6.9;1;0;0;0
1931-04;21.4;1931-04-27;14.4;0;0;0;0
1931-05;30.0;1931-05-29;24.0;0;14;1;0
1931-06;32.9;1931-06-18;27.7;0;22;8;0
1931-07;37.6;1931-07-15;29.9;0;27;14;4
1931-08;36.8;1931-08-07;27.6;0;23;10;2
1931-09;30.0;1931-09-04;17.6;0;6;1;0
1931-10;24.7;1931-10-07;15.9;0;0;0;0
1931-11;20.2;1931-11-14;8.5;0;0;0;0
1931-12;14.2;1931-12-07;3.4;10;0;0;0
1932-01;10.7;1932-01-07;1.6;18;0;0;0
1932-02;7.7;1932-02-04;0.1;15;0;0;0
1932-03;10.4;1932-03-31;3.8;4;0;0;0
1932-04;23.1;1932-04-05;15.7;0;0;0;0
1932-05;29.9;1932-05-22;22.4;0;10;0;0
1932-06;29.8;1932-06-21;23.5;0;11;0;0
1932-07;33.7;1932-07-08;28.5;0;29;9;0
1932-08;33.4;1932-08-02;28.2;0;25;11;0
1932-09;31.6;1932-09-10;27.2;0;24;6;0
1932-10;27.6;1932-10-02;17.4;0;3;0;0
1932-11;16.9;1932-11-04;8.7;0;0;0;0
1932-12;14.6;1932-12-03;2.4;15;0;0;0
1933-01;6.4;1933-01-31;-0.7;16;0;0;0
1933-02;12.8;1933-02-07;5.4;1;0;0;0
1933-03;22.6;1933-03-31;12.2;0;0;0;0
1933-04;22.4;1933-04-30;13.2;0;0;0;0
1933-05;24.5;1933-05-08;19.0;0;0;0;0
1933-06;29.3;1933-06-22;22.9;0;4;0;0
1933-07;37.1;1933-07-16;27.8;0;22;12;1
1933-08;36.2;1933-08-12;27.4;0;20;9;2
1933-09;27.6;1933-09-22;22.4;0;8;0;0
1933-10;26.8;1933-10-01;16.9;0;2;0;0
1933-11;17.8;1933-11-18;9.3;0;0;0;0
1933-12;7.5;1933-12-31;-1.5;19;0;0;0
1934-01;8.9;1934-01-19;1.4;12;0;0;0
1934-02;17.7;1934-02-27;5.9;4;0;0;0
1934-03;20.0;1934-03-26;14.9;0;0;0;0
1934-04;29.2;1934-04-18;20.8;0;9;0;0
1934-05;29.3;1934-05-02;24.6;0;17;0;0
1934-06;31.7;1934-06-25;24.1;0;10;2;0
1934-07;32.4;1934-07-21;27.3;0;24;8;0
1934-08;33.8;1934-08-04;27.7;0;26;7;0
1934-09;28.5;1934-09-29;24.2;0;15;0;0
1934-10;27.3;1934-10-04;16.2;0;5;0;0
1934-11;18.0;1934-11-06;11.6;0;0;0;0
1934-12;13.1;1934-12-15;7.7;0;0;0;0
1935-01;6.6;1935-01-25;-0.5;17;0;0;0
1935-02;14.2;1935-02-22;5.3;7;0;0;0
1935-03;20.0;1935-03-21;9.4;2;0;0;0
1935-04;25.3;1935-04-11;16.7;0;1;0;0
1935-05;28.6;1935-05-28;20.8;0;7;0;0
1935-06;38.0;1935-06-28;27.9;0;20;12;1
1935-07;34.4;1935-07-18;28.1;0;24;11;0
1935-08;33.7;1935-08-14;27.1;0;22;7;0
1935-09;30.2;1935-09-03;23.6;0;13;1;0
1935-10;28.7;1935-10-06;20.4;0;9;0;0
1935-11;19.4;1935-11-10;9.2;1;0;0;0
1935-12;12.7;1935-12-31;5.6;4;0;0;0
1936-01;16.8;1936-01-27;9.1;0;0;0;0
1936-02;13.8;1936-02-29;5.9;2;0;0;0
1936-03;23.5;1936-03-26;14.5;0;0;0;0
1936-04;23.4;1936-04-16;17.1;0;0;0;0
1936-05;26.8;1936-05-30;22.5;0;7;0;0
1936-06;31.6;1936-06-24;25.0;0;17;4;0
1936-07;37.0;1936-07-28;29.5;0;27;17;3
1936-08;31.1;1936-08-04;26.3;0;20;3;0
1936-09;31.6;1936-09-04;22.4;0;13;4;0
1936-10;20.8;1936-10-18;11.5;0;0;0;0
1936-11;18.4;1936-11-08;8.6;5;0;0;0
1936-12;9.3;1936-12-16;4.0;2;0;0;0
1937-01;9.5;1937-01-05;1.4;10;0;0;0
1937-02;18.4;1937-02-28;6.3;2;0;0;0
1937-03;23.5;1937-03-20;12.9;0;0;0;0
1937-04;19.5;1937-04-15;14.9;0;0;0;0
1937-05;29.8;1937-05-22;24.1;0;16;0;0
1937-06;32.1;1937-06-11;26.3;0;19;2;0
1937-07;31.8;1937-07-24;26.9;0;23;4;0
1937-08;32.6;1937-08-13;26.3;0;19;5;0
1937-09;29.6;1937-09-18;24.0;0;13;0;0
1937-10;23.8;1937-10-04;17.0;0;0;0;0
1937-11;19.1;1937-11-02;8.9;0;0;0;0
1937-12;12.5;1937-12-10;4.5;8;0;0;0
1938-01;11.8;1938-01-25;3.6;8;0;0;0
1938-02;11.6;1938-02-28;6.5;0;0;0;0
1938-03;22.9;1938-03-22;14.8;0;0;0;0
1938-04;24.6;1938-04-03;13.9;0;0;0;0
1938-05;27.6;1938-05-17;19.9;0;2;0;0
1938-06;34.9;1938-06-28;27.7;0;25;8;0
1938-07;35.1;1938-07-09;28.9;0;28;11;1
1938-08;34.3;1938-08-03;26.7;0;22;8;0
1938-09;26.6;1938-09-10;22.2;0;4;0;0
1938-10;24.1;1938-10-11;17.7;0;0;0;0
1938-11;19.1;1938-11-07;11.4;0;0;0;0
1938-12;12.4;1938-12-02;2.1;10;0;0;0
1939-01;16.8;1939-01-19;6.4;3;0;0;0
1939-02;16.5;1939-02-12;7.9;0;0;0;0
1939-03;17.0;1939-03-31;8.1;0;0;0;0
1939-04;29.5;1939-04-08;20.9;0;6;0;0
1939-05;27.5;1939-05-19;20.7;0;2;0;0
1939-06;30.5;1939-06-26;25.8;0;16;3;0
1939-07;38.4;1939-07-22;29.7;0;27;16;3
1939-08;35.8;1939-08-05;27.9;0;24;7;2
1939-09;32.4;1939-09-02;23.7;0;14;4;0
1939-10;27.8;1939-10-18;15.1;0;2;0;0
1939-11;16.5;1939-11-10;9.0;0;0;0;0
1939-12;12.9;1939-12-01;3.2;5;0;0;0
1940-01;0.7;1940-01-01;-4.4;29;0;0;0
1940-02;11.0;1940-02-25;-0.1;13;0;0;0
1940-03;19.9;1940-03-27;8.4;1;0;0;0
1940-04;28.0;1940-04-24;16.9;0;6;0;0
1940-05;27.5;1940-05-25;18.8;0;4;0;0
1940-06;29.6;1940-06-16;24.2;0;16;0;0
1940-07;31.2;1940-07-08;26.1;0;20;5;0
1940-08;30.6;1940-08-11;23.4;0;11;2;0
1940-09;27.8;1940-09-08;22.6;0;11;0;0
1940-10;26.4;1940-10-03;16.3;0;2;0;0
1940-11;21.0;1940-11-15;12.3;0;0;0;0
1940-12;7.2;1940-12-09;-1.3;16;0;0;0
1941-01;12.1;1941-01-22;1.4;17;0;0;0
1941-02;13.5;1941-02-18;7.2;2;0;0;0
1941-03;19.7;1941-03-27;11.9;0;0;0;0
1941-04;26.1;1941-04-05;15.8;0;2;0;0
1941-05;26.8;1941-05-28;18.8;0;1;0;0
1941-06;31.5;1941-06-26;24.4;0;14;2;0
1941-07;33.0;1941-07-14;26.0;0;18;5;0
1941-08;33.0;1941-08-17;26.3;0;20;6;0
1941-09;27.4;1941-09-06;20.3;0;4;0;0
1941-10;26.8;1941-10-06;15.6;0;3;0;0
1941-11;12.0;1941-11-19;5.4;3;0;0;0
1941-12;13.5;1941-12-15;4.5;5;0;0;0
1942-01;7.3;1942-01-06;-4.9;26;0;0;0
1942-02;9.4;1942-02-25;0.6;16;0;0;0
1942-03;19.8;1942-03-26;7.5;2;0;0;0
1942-04;23.4;1942-04-21;14.0;0;0;0;0
1942-05;31.6;1942-05-29;22.1;0;8;1;0
1942-06;32.4;1942-06-12;25.7;0;16;7;0
1942-07;34.2;1942-07-11;27.9;0;25;8;0
1942-08;33.8;1942-08-31;28.0;0;24;13;0
1942-09;33.0;1942-09-01;28.5;0;27;11;0
1942-10;29.4;1942-10-02;20.4;0;8;0;0
1942-11;21.6;1942-11-06;8.2;0;0;0;0
1942-12;14.0;1942-12-19;5.7;3;0;0;0
1943-01;9.2;1943-01-23;0.4;13;0;0;0
1943-02;18.4;1943-02-24;9.3;0;0;0;0
1943-03;20.0;1943-03-28;12.8;0;0;0;0
1943-04;29.0;1943-04-24;19.2;0;7;0;0
1943-05;26.0;1943-05-24;20.6;0;1;0;0
1943-06;29.2;1943-06-23;23.4;0;6;0;0
1943-07;33.2;1943-07-20;27.2;0;25;8;0
1943-08;36.9;1943-08-21;30.5;0;28;18;3
1943-09;33.4;1943-09-20;26.0;0;19;5;0
1943-10;26.4;1943-10-02;19.7;0;3;0;0
1943-11;14.2;1943-11-01;8.1;0;0;0;0
1943-12;11.8;1943-12-08;4.6;3;0;0;0
1944-01;14.3;1944-01-28;6.1;1;0;0;0
1944-02;15.0;1944-02-02;3.2;9;0;0;0
1944-03;12.5;1944-03-19;7.2;0;0;0;0
1944-04;25.5;1944-04-17;18.0;0;1;0;0
1944-05;30.0;1944-05-31;20.8;0;4;1;0
1944-06;30.0;1944-06-01;25.3;0;19;2;0
1944-07;34.0;1944-07-22;27.7;0;27;10;0
1944-08;34.3;1944-08-31;29.2;0;27;17;0
1944-09;33.5;1944-09-02;23.6;0;10;6;0
1944-10;26.0;1944-10-08;17.4;0;1;0;0
1944-11;16.2;1944-11-01;9.4;0;0;0;0
1944-12;10.2;1944-12-08;2.1;12;0;0;0
1945-01;2.8;1945-01-11;-1.6;22;0;0;0
1945-02;13.0;1945-02-28;5.5;0;0;0;0
1945-03;22.5;1945-03-26;12.8;0;0;0;0
1945-04;24.5;1945-04-03;18.3;0;0;0;0
1945-05;32.2;1945-05-14;26.2;0;20;10;0
1945-06;35.0;1945-06-22;27.9;0;25;12;1
1945-07;37.0;1945-07-27;29.2;0;27;14;3
1945-08;35.0;1945-08-09;28.2;0;24;9;2
1945-09;30.0;1945-09-19;23.6;0;16;1;0
1945-10;23.0;1945-10-30;16.6;0;0;0;0
1945-11;21.0;1945-11-01;7.9;0;0;0;0
1945-12;10.5;1945-12-21;4.9;5;0;0;0
1946-01;13.0;1946-01-12;0.2;20;0;0;0
1946-02;17.4;1946-02-28;7.6;0;0;0;0
1946-03;20.6;1946-03-31;12.8;0;0;0;0
1946-04;28.6;1946-04-30;21.1;0;5;0;0
1946-05;29.6;1946-05-13;25.7;0;21;0;0
1946-06;33.8;1946-06-09;27.6;0;24;8;0
1946-07;36.7;1946-07-28;30.4;0;31;18;4
1946-08;39.2;1946-08-18;31.7;0;26;22;11
1946-09;33.6;1946-09-06;26.5;0;19;5;0
1946-10;24.4;1946-10-02;13.2;0;0;0;0
1946-11;17.5;1946-11-21;9.1;0;0;0;0
1946-12;10.2;1946-12-02;1.5;15;0;0;0
1947-01;5.4;1947-01-16;-3.4;21;0;0;0
1947-02;10.4;1947-02-23;0.9;13;0;0;0
1947-03;24.2;1947-03-29;12.8;0;0;0;0
1947-04;29.9;1947-04-28;20.4;0;7;0;0
1947-05;27.5;1947-05-12;23.2;0;13;0;0
1947-06;34.2;1947-06-04;26.7;0;19;8;0
1947-07;35.7;1947-07-30;29.5;0;27;13;2
1947-08;39.6;1947-08-05;28.9;0;25;13;3
1947-09;34.1;1947-09-14;29.0;0;25;12;0
1947-10;27.2;1947-10-07;16.5;0;4;0;0
1947-11;20.1;1947-11-13;11.3;0;0;0;0
1947-12;14.7;1947-12-29;5.8;5;0;0;0
1948-01;13.9;1948-01-13;9.0;1;0;0;0
1948-02;12.4;1948-02-03;4.8;7;0;0;0
1948-03;22.7;1948-03-22;13.6;0;0;0;0
1948-04;26.0;1948-04-22;18.3;0;2;0;0
1948-05;30.7;1948-05-13;24.1;0;15;2;0
1948-06;32.0;1948-06-19;24.0;0;14;3;0
1948-07;33.7;1948-07-25;26.2;0;16;9;0
1948-08;36.2;1948-08-10;28.0;0;21;12;2
1948-09;31.9;1948-09-05;25.0;0;18;2;0
1948-10;25.7;1948-10-04;18.4;0;2;0;0
1948-11;17.0;1948-11-04;7.9;1;0;0;0
1948-12;8.3;1948-12-02;0.5;15;0;0;0
1949-01;14.7;1949-01-04;6.3;0;0;0;0
1949-02;15.9;1949-02-27;8.7;2;0;0;0
1949-03;20.0;1949-03-28;8.9;1;0;0;0
1949-04;27.8;1949-04-25;20.2;0;4;0;0
1949-05;31.3;1949-05-05;22.7;0;10;3;0
1949-06;31.1;1949-06-09;22.7;0;8;2;0
1949-07;36.3;1949-07-29;27.4;0;23;11;1
1949-08;35.4;1949-08-01;27.0;0;20;13;1
1949-09;33.0;1949-09-02;25.8;0;15;3;0
1949-10;25.5;1949-10-01;18.9;0;2;0;0
1949-11;18.9;1949-11-21;10.8;0;0;0;0
1949-12;14.1;1949-12-09;6.5;1;0;0;0
1950-01;9.4;1950-01-09;0.6;16;0;0;0
1950-02;15.3;1950-02-14;6.9;5;0;0;0
1950-03;19.7;1950-03-17;12.9;0;0;0;0
1950-04;27.2;1950-04-21;17.7;0;2;0;0
1950-05;33.8;1950-05-26;24.4;0;14;4;0
1950-06;38.9;1950-06-30;28.5;0;25;11;1
1950-07;41.3;1950-07-05;30.9;0;28;17;7
1950-08;38.3;1950-08-26;30.4;0;28;15;5
1950-09;32.6;1950-09-15;23.5;0;10;3;0
1950-10;20.6;1950-10-10;14.7;0;0;0;0
1950-11;16.0;1950-11-12;10.8;0;0;0;0
1950-12;12.6;1950-12-03;6.7;0;0;0;0
1951-01;14.8;1951-01-12;6.5;0;0;0;0
1951-02;15.3;1951-02-13;9.4;0;0;0;0
1951-03;19.8;1951-03-18;11.1;0;0;0;0
1951-04;22.7;1951-04-26;17.1;0;0;0;0
1951-05;29.5;1951-05-27;21.5;0;7;0;0
1951-06;31.7;1951-06-18;25.1;0;12;4;0
1951-07;33.6;1951-07-16;26.7;0;19;6;0
1951-08;33.7;1951-08-09;28.2;0;26;8;0
1951-09;30.7;1951-09-06;24.5;0;17;5;0
1951-10;21.4;1951-10-01;15.6;0;0;0;0
1951-11;22.6;1951-11-12;13.7;0;0;0;0
1951-12;14.0;1951-12-06;6.5;3;0;0;0
1952-01;8.8;1952-01-16;4.3;2;0;0;0
1952-02;13.3;1952-02-12;4.7;1;0;0;0
1952-03;21.4;1952-03-30;9.6;3;0;0;0
1952-04;27.2;1952-04-23;21.5;0;10;0;0
1952-05;28.9;1952-05-11;21.3;0;12;0;0
1952-06;31.6;1952-06-19;26.2;0;18;5;0
1952-07;35.8;1952-07-15;31.0;0;30;20;4
1952-08;38.6;1952-08-14;31.4;0;27;20;8
1952-09;33.2;1952-09-06;22.0;0;7;1;0
1952-10;27.1;1952-10-01;16.9;0;1;0;0
1952-11;16.2;1952-11-28;8.5;0;0;0;0
1952-12;13.2;1952-12-01;3.7;4;0;0;0
1953-01;12.8;1953-01-01;3.5;6;0;0;0
1953-02;13.2;1953-02-23;5.6;3;0;0;0
1953-03;22.3;1953-03-30;12.6;0;0;0;0
1953-04;25.2;1953-04-05;18.2;0;1;0;0
1953-05;30.6;1953-05-25;20.6;0;7;1;0
1953-06;30.5;1953-06-24;25.0;0;18;1;0
1953-07;33.5;1953-07-27;28.6;0;28;11;0
1953-08;32.5;1953-08-21;26.1;0;21;4;0
1953-09;30.6;1953-09-03;25.0;0;17;3;0
1953-10;29.3;1953-10-16;19.7;0;7;0;0
1953-11;15.6;1953-11-30;9.1;0;0;0;0
1953-12;16.3;1953-12-01;4.8;6;0;0;0
1954-01;9.0;1954-01-17;-1.8;21;0;0;0
1954-02;13.3;1954-02-28;-1.1;17;0;0;0
1954-03;18.7;1954-03-26;11.6;0;0;0;0
1954-04;21.7;1954-04-01;14.0;0;0;0;0
1954-05;27.2;1954-05-27;20.8;0;6;0;0
1954-06;30.3;1954-06-27;26.3;0;23;2;0
1954-07;31.7;1954-07-27;25.5;0;17;4;0
1954-08;35.3;1954-08-22;27.4;0;21;7;2
1954-09;30.6;1954-09-15;24.9;0;20;2;0
1954-10;25.2;1954-10-19;17.0;0;1;0;0
1954-11;19.3;1954-11-09;8.8;1;0;0;0
1954-12;15.9;1954-12-01;7.5;0;0;0;0
1955-01;13.7;1955-01-12;3.4;6;0;0;0
1955-02;18.2;1955-02-18;7.1;1;0;0;0
1955-03;24.2;1955-03-26;8.4;1;0;0;0
1955-04;25.6;1955-04-30;13.9;0;1;0;0
1955-05;28.2;1955-05-02;21.4;0;7;0;0
1955-06;31.2;1955-06-20;24.4;0;15;2;0
1955-07;32.1;1955-07-03;25.3;0;16;3;0
1955-08;28.4;1955-08-24;24.7;0;18;0;0
1955-09;29.2;1955-09-09;23.0;0;11;0;0
1955-10;22.3;1955-10-05;16.5;0;0;0;0
1955-11;14.6;1955-11-10;8.1;0;0;0;0
1955-12;14.3;1955-12-16;7.1;0;0;0;0
1956-01;15.2;1956-01-22;6.5;3;0;0;0
1956-02;6.3;1956-02-29;-3.8;23;0;0;0
1956-03;17.9;1956-03-30;6.0;2;0;0;0
1956-04;26.2;1956-04-17;16.6;0;1;0;0
1956-05;26.4;1956-05-31;21.0;0;7;0;0
1956-06;29.8;1956-06-12;24.0;0;11;0;0
1956-07;32.3;1956-07-30;26.3;0;19;2;0
1956-08;34.5;1956-08-28;27.2;0;21;6;0
1956-09;32.3;1956-09-02;24.2;0;12;2;0
1956-10;26.3;1956-10-02;17.1;0;3;0;0
1956-11;10.4;1956-11-13;4.8;6;0;0;0
1956-12;11.7;1956-12-16;2.3;9;0;0;0
1957-01;9.2;1957-01-10;0.6;12;0;0;0
1957-02;15.2;1957-02-18;8.6;0;0;0;0
1957-03;21.9;1957-03-20;12.9;0;0;0;0
1957-04;25.2;1957-04-29;15.7;0;1;0;0
1957-05;24.2;1957-05-19;17.2;0;0;0;0
1957-06;33.8;1957-06-24;27.0;0;22;6;0
1957-07;36.9;1957-07-08;27.8;0;21;10;4
1957-08;35.8;1957-08-12;25.5;0;15;7;2
1957-09;27.1;1957-09-09;21.3;0;8;0;0
1957-10;23.4;1957-10-19;15.4;0;0;0;0
1957-11;18.4;1957-11-01;9.7;0;0;0;0
1957-12;16.3;1957-12-13;3.1;10;0;0;0
1958-01;10.8;1958-01-20;1.3;14;0;0;0
1958-02;17.6;1958-02-15;8.7;3;0;0;0
1958-03;18.3;1958-03-29;5.6;3;0;0;0
1958-04;20.9;1958-04-27;13.3;0;0;0;0
1958-05;32.2;1958-05-27;25.2;0;16;4;0
1958-06;29.4;1958-06-03;23.2;0;9;0;0
1958-07;34.4;1958-07-16;27.4;0;22;7;0
1958-08;34.3;1958-08-02;27.6;0;22;8;0
1958-09;29.3;1958-09-08;23.2;0;10;0;0
1958-10;24.6;1958-10-11;16.1;0;0;0;0
1958-11;15.3;1958-11-12;7.9;0;0;0;0
1958-12;16.2;1958-12-17;7.4;4;0;0;0
1959-01;10.7;1959-01-01;2.9;7;0;0;0
1959-02;14.8;1959-02-27;3.2;10;0;0;0
1959-03;21.3;1959-03-24;13.5;0;0;0;0
1959-04;22.4;1959-04-16;16.1;0;0;0;0
1959-05;26.7;1959-05-21;20.0;0;1;0;0
1959-06;28.2;1959-06-20;22.7;0;12;0;0
1959-07;32.7;1959-07-12;26.3;0;20;5;0
1959-08;29.7;1959-08-25;24.0;0;12;0;0
1959-09;25.0;1959-09-22;20.5;0;1;0;0
1959-10;22.3;1959-10-28;16.2;0;0;0;0
1959-11;13.1;1959-11-19;8.2;0;0;0;0
1959-12;13.7;1959-12-03;6.6;0;0;0;0
1960-01;9.4;1960-01-29;0.9;13;0;0;0
1960-02;18.7;1960-02-29;4.6;10;0;0;0
1960-03;18.2;1960-03-16;10.1;2;0;0;0
1960-04;21.6;1960-04-08;14.7;0;0;0;0
1960-05;28.7;1960-05-17;18.6;0;3;0;0
1960-06;28.2;1960-06-10;24.9;0;19;0;0
1960-07;33.3;1960-07-20;24.4;0;14;3;0
1960-08;31.8;1960-08-27;25.9;0;18;3;0
1960-09;28.3;1960-09-05;20.0;0;5;0;0
1960-10;23.2;1960-10-06;17.4;0;0;0;0
1960-11;19.9;1960-11-05;10.7;0;0;0;0
1960-12;15.2;1960-12-05;7.3;1;0;0;0
1961-01;10.8;1961-01-03;2.1;11;0;0;0
1961-02;12.8;1961-02-19;6.8;1;0;0;0
1961-03;21.7;1961-03-18;14.2;0;0;0;0
1961-04;26.9;1961-04-08;19.3;0;4;0;0
1961-05;25.6;1961-05-28;18.7;0;1;0;0
1961-06;31.7;1961-06-27;24.7;0;13;2;0
1961-07;31.0;1961-07-13;25.5;0;17;4;0
1961-08;35.3;1961-08-11;26.8;0;21;7;1
1961-09;32.2;1961-09-19;25.8;0;21;2;0
1961-10;25.7;1961-10-01;18.7;0;1;0;0
1961-11;17.3;1961-11-27;10.0;0;0;0;0
1961-12;15.9;1961-12-04;2.8;13;0;0;0
1962-01;10.9;1962-01-22;3.5;9;0;0;0
1962-02;10.9;1962-02-13;2.7;6;0;0;0
1962-03;18.0;1962-03-05;4.8;6;0;0;0
1962-04;25.8;1962-04-26;17.0;0;2;0;0
1962-05;27.3;1962-05-09;20.7;0;3;0;0
1962-06;32.5;1962-06-24;22.5;0;12;3;0
1962-07;31.2;1962-07-27;24.1;0;13;2;0
1962-08;33.2;1962-08-15;28.1;0;25;8;0
1962-09;30.8;1962-09-07;21.6;0;9;4;0
1962-10;24.4;1962-10-02;17.7;0;0;0;0
1962-11;14.4;1962-11-07;7.9;5;0;0;0
1962-12;7.4;1962-12-16;-0.3;16;0;0;0
1963-01;8.3;1963-01-06;-4.6;24;0;0;0
1963-02;2.8;1963-02-21;-2.1;17;0;0;0
1963-03;18.1;1963-03-12;7.8;3;0;0;0
1963-04;23.8;1963-04-24;16.7;0;0;0;0
1963-05;27.0;1963-05-27;21.4;0;4;0;0
1963-06;34.3;1963-06-28;25.9;0;15;7;0
1963-07;32.9;1963-07-01;28.1;0;26;10;0
1963-08;33.2;1963-08-07;26.8;0;25;7;0
1963-09;27.6;1963-09-20;22.5;0;7;0;0
1963-10;25.2;1963-10-03;15.7;0;1;0;0
1963-11;24.4;1963-11-16;15.2;0;0;0;0
1963-12;3.4;1963-12-01;-2.0;19;0;0;0
1964-01;2.6;1964-01-24;-3.6;22;0;0;0
1964-02;8.6;1964-02-18;2.7;7;0;0;0
1964-03;18.3;1964-03-30;5.9;6;0;0;0
1964-04;23.4;1964-04-20;16.3;0;0;0;0
1964-05;25.6;1964-05-14;19.7;0;1;0;0
1964-06;30.8;1964-06-22;26.7;0;25;1;0
1964-07;32.2;1964-07-22;25.9;0;23;4;0
1964-08;29.6;1964-08-29;24.6;0;17;0;0
1964-09;28.3;1964-09-16;21.1;0;6;0;0
1964-10;21.8;1964-10-12;15.5;0;0;0;0
1964-11;13.8;1964-11-29;9.6;0;0;0;0
1964-12;7.4;1964-12-01;2.0;8;0;0;0
1965-01;12.0;1965-01-31;2.1;6;0;0;0
1965-02;10.4;1965-02-01;0.7;13;0;0;0
1965-03;17.1;1965-03-16;10.6;0;0;0;0
1965-04;20.3;1965-04-05;13.4;0;0;0;0
1965-05;28.2;1965-05-19;18.3;0;2;0;0
1965-06;32.2;1965-06-27;23.7;0;12;5;0
1965-07;31.3;1965-07-15;25.9;0;20;3;0
1965-08;30.9;1965-08-09;24.4;0;14;3;0
1965-09;28.8;1965-09-03;22.4;0;4;0;0
1965-10;26.7;1965-10-02;16.9;0;2;0;0
1965-11;20.4;1965-11-02;6.5;5;0;0;0
1965-12;13.9;1965-12-21;6.1;1;0;0;0
1966-01;8.0;1966-01-02;-1.5;22;0;0;0
1966-02;19.7;1966-02-22;12.0;0;0;0;0
1966-03;15.8;1966-03-28;9.8;0;0;0;0
1966-04;24.0;1966-04-26;18.0;0;0;0;0
1966-05;26.5;1966-05-04;21.1;0;6;0;0
1966-06;29.5;1966-06-18;24.2;0;14;0;0
1966-07;30.3;1966-07-14;24.8;0;15;2;0
1966-08;30.6;1966-08-15;24.9;0;18;2;0
1966-09;29.4;1966-09-13;23.1;0;9;0;0
1966-10;26.7;1966-10-12;21.1;0;7;0;0
1966-11;17.5;1966-11-05;7.0;1;0;0;0
1966-12;8.9;1966-12-19;3.8;1;0;0;0
1967-01;9.4;1967-01-30;0.7;12;0;0;0
1967-02;17.4;1967-02-27;6.5;2;0;0;0
1967-03;19.4;1967-03-10;11.9;0;0;0;0
1967-04;23.0;1967-04-09;15.0;0;0;0;0
1967-05;27.2;1967-05-15;21.2;0;1;0;0
1967-06;31.3;1967-06-27;23.2;0;10;3;0
1967-07;31.6;1967-07-23;27.8;0;26;6;0
1967-08;33.3;1967-08-05;27.0;0;23;8;0
1967-09;29.7;1967-09-04;23.6;0;13;0;0
1967-10;24.8;1967-10-11;19.4;0;0;0;0
1967-11;19.3;1967-11-16;10.2;0;0;0;0
1967-12;11.6;1967-12-24;2.5;9;0;0;0
1968-01;9.8;1968-01-31;1.2;10;0;0;0
1968-02;17.4;1968-02-23;7.1;0;0;0;0
1968-03;22.8;1968-03-31;11.7;0;0;0;0
1968-04;27.6;1968-04-24;19.3;0;4;0;0
1968-05;32.9;1968-05-12;22.5;0;7;1;0
1968-06;31.9;1968-06-29;25.4;0;18;4;0
1968-07;37.8;1968-07-11;26.8;0;19;10;1
1968-08;27.7;1968-08-17;23.9;0;8;0;0
1968-09;27.2;1968-09-16;20.6;0;5;0;0
1968-10;25.3;1968-10-14;16.5;0;1;0;0
1968-11;20.8;1968-11-01;9.3;1;0;0;0
1968-12;11.6;1968-12-19;0.5;15;0;0;0
1969-01;10.2;1969-01-31;-0.9;17;0;0;0
1969-02;12.3;1969-02-02;2.2;8;0;0;0
1969-03;17.3;1969-03-14;6.7;0;0;0;0
1969-04;26.8;1969-04-28;15.9;0;3;0;0
1969-05;31.2;1969-05-14;23.9;0;16;2;0
1969-06;28.3;1969-06-18;22.6;0;8;0;0
1969-07;31.9;1969-07-27;25.9;0;22;4;0
1969-08;30.2;1969-08-14;23.9;0;12;1;0
1969-09;27.6;1969-09-03;22.2;0;4;0;0
1969-10;21.6;1969-10-01;17.5;0;0;0;0
1969-11;22.8;1969-11-13;13.4;0;0;0;0
1969-12;1.8;1969-12-11;-1.5;24;0;0;0
1970-01;8.3;1970-01-27;0.7;14;0;0;0
1970-02;12.7;1970-02-09;3.5;7;0;0;0
1970-03;18.5;1970-03-25;8.4;1;0;0;0
1970-04;24.9;1970-04-20;15.5;0;0;0;0
1970-05;24.7;1970-05-10;18.9;0;0;0;0
1970-06;31.0;1970-06-23;25.8;0;19;2;0
1970-07;32.1;1970-07-23;25.6;0;20;7;0
1970-08;32.0;1970-08-07;25.7;0;18;4;0
1970-09;30.2;1970-09-11;21.6;0;7;2;0
1970-10;24.7;1970-10-09;15.7;0;0;0;0
1970-11;21.1;1970-11-03;12.2;0;0;0;0
1970-12;13.7;1970-12-01;2.7;7;0;0;0
1971-01;11.5;1971-01-31;2.1;16;0;0;0
1971-02;12.8;1971-02-01;6.9;2;0;0;0
1971-03;21.4;1971-03-21;6.7;8;0;0;0
1971-04;24.7;1971-04-23;17.4;0;0;0;0
1971-05;29.2;1971-05-19;23.2;0;14;0;0
1971-06;27.6;1971-06-15;23.8;0;11;0;0
1971-07;31.8;1971-07-13;26.8;0;21;9;0
1971-08;35.7;1971-08-07;28.3;0;27;12;1
1971-09;26.2;1971-09-05;20.2;0;1;0;0
1971-10;23.1;1971-10-23;16.4;0;0;0;0
1971-11;20.4;1971-11-06;9.0;4;0;0;0
1971-12;12.2;1971-12-23;5.0;3;0;0;0
1972-01;5.9;1972-01-08;0.8;10;0;0;0
1972-02;13.0;1972-02-20;6.8;3;0;0;0
1972-03;21.2;1972-03-09;14.0;0;0;0;0
1972-04;23.2;1972-04-08;16.3;0;0;0;0
1972-05;27.0;1972-05-26;21.1;0;6;0;0
1972-06;28.7;1972-06-22;25.4;0;20;0;0
1972-07;31.9;1972-07-09;25.7;0;20;2;0
1972-08;32.3;1972-08-16;23.8;0;13;4;0
1972-09;26.1;1972-09-08;18.6;0;1;0;0
1972-10;23.3;1972-10-13;13.4;0;0;0;0
1972-11;17.6;1972-11-07;10.4;0;0;0;0
1972-12;14.4;1972-12-04;3.5;9;0;0;0
1973-01;5.4;1973-01-31;1.1;8;0;0;0
1973-02;12.4;1973-02-09;5.2;0;0;0;0
1973-03;18.6;1973-03-27;9.4;0;0;0;0
1973-04;22.7;1973-04-10;13.5;0;0;0;0
1973-05;28.1;1973-05-06;21.8;0;5;0;0
1973-06;29.6;1973-06-29;23.5;0;10;0;0
1973-07;34.0;1973-07-17;26.6;0;22;4;0
1973-08;31.5;1973-08-07;26.4;0;24;5;0
1973-09;31.4;1973-09-05;23.5;0;12;6;0
1973-10;23.1;1973-10-17;15.4;0;0;0;0
1973-11;19.9;1973-11-06;8.5;3;0;0;0
1973-12;8.7;1973-12-24;2.8;9;0;0;0
1974-01;9.6;1974-01-20;3.1;4;0;0;0
1974-02;15.1;1974-02-12;9.7;0;0;0;0
1974-03;23.6;1974-03-22;12.3;0;0;0;0
1974-04;23.0;1974-04-28;15.2;0;0;0;0
1974-05;25.4;1974-05-30;18.7;0;2;0;0
1974-06;29.3;1974-06-27;22.1;0;8;0;0
1974-07;33.1;1974-07-14;25.9;0;18;7;0
1974-08;34.2;1974-08-04;27.5;0;21;12;0
1974-09;28.3;1974-09-03;21.5;0;5;0;0
1974-10;15.8;1974-10-11;10.7;0;0;0;0
1974-11;18.9;1974-11-16;9.6;0;0;0;0
1974-12;12.7;1974-12-29;6.2;1;0;0;0
1975-01;14.3;1975-01-18;7.4;0;0;0;0
1975-02;12.7;1975-02-13;5.6;0;0;0;0
1975-03;20.9;1975-03-09;13.4;0;0;0;0
1975-04;24.9;1975-04-06;15.5;0;0;0;0
1975-05;27.4;1975-05-18;22.1;0;8;0;0
1975-06;28.8;1975-06-24;22.6;0;11;0;0
1975-07;29.6;1975-07-18;25.9;0;23;0;0
1975-08;29.9;1975-08-11;24.7;0;14;0;0
1975-09;28.9;1975-09-17;24.4;0;18;0;0
1975-10;26.0;1975-10-01;14.6;0;1;0;0
1975-11;12.2;1975-11-19;6.3;1;0;0;0
1975-12;8.2;1975-12-28;3.7;7;0;0;0
1976-01;10.4;1976-01-23;3.8;9;0;0;0
1976-02;13.2;1976-02-29;2.9;8;0;0;0
1976-03;16.2;1976-03-01;6.6;7;0;0;0
1976-04;23.0;1976-04-03;16.2;0;0;0;0
1976-05;25.0;1976-05-07;20.6;0;1;0;0
1976-06;29.6;1976-06-29;23.2;0;14;0;0
1976-07;33.2;1976-07-20;27.3;0;24;7;0
1976-08;27.4;1976-08-29;23.1;0;6;0;0
1976-09;26.2;1976-09-13;19.6;0;3;0;0
1976-10;27.6;1976-10-03;16.1;0;1;0;0
1976-11;19.0;1976-11-05;10.3;0;0;0;0
1976-12;12.4;1976-12-02;3.2;11;0;0;0
1977-01;12.6;1977-01-26;3.4;5;0;0;0
1977-02;16.5;1977-02-20;8.8;3;0;0;0
1977-03;26.4;1977-03-24;14.6;0;2;0;0
1977-04;27.4;1977-04-29;14.5;0;2;0;0
1977-05;30.2;1977-05-04;21.7;0;7;1;0
1977-06;32.1;1977-06-14;24.8;0;13;5;0
1977-07;29.5;1977-07-08;25.1;0;19;0;0
1977-08;29.7;1977-08-08;25.6;0;20;0;0
1977-09;28.4;1977-09-05;19.9;0;11;0;0
1977-10;24.6;1977-10-08;17.5;0;0;0;0
1977-11;20.7;1977-11-11;9.6;2;0;0;0
1977-12;8.2;1977-12-25;0.5;16;0;0;0
1978-01;8.8;1978-01-03;2.8;5;0;0;0
1978-02;14.2;1978-02-26;3.7;7;0;0;0
1978-03;20.5;1978-03-30;12.0;0;0;0;0
1978-04;22.0;1978-04-30;14.2;0;0;0;0
1978-05;23.7;1978-05-31;18.2;0;0;0;0
1978-06;28.9;1978-06-08;23.7;0;13;0;0
1978-07;31.6;1978-07-18;25.4;0;18;1;0
1978-08;32.2;1978-08-07;25.8;0;17;5;0
1978-09;30.2;1978-09-11;21.4;0;4;1;0
1978-10;23.7;1978-10-04;16.7;0;0;0;0
1978-11;14.2;1978-11-01;3.2;4;0;0;0
1978-12;13.0;1978-12-29;4.3;7;0;0;0
1979-01;14.0;1979-01-28;0.9;15;0;0;0
1979-02;9.8;1979-02-02;4.9;2;0;0;0
1979-03;21.0;1979-03-15;13.9;0;0;0;0
1979-04;21.6;1979-04-15;15.1;0;0;0;0
1979-05;31.5;1979-05-20;22.8;0;13;2;0
1979-06;31.2;1979-06-03;26.7;0;23;9;0
1979-07;30.2;1979-07-31;23.5;0;10;1;0
1979-08;33.5;1979-08-03;24.8;0;14;4;0
1979-09;28.2;1979-09-21;22.6;0;12;0;0
1979-10;26.2;1979-10-17;15.2;0;3;0;0
1979-11;16.4;1979-11-08;8.7;0;0;0;0
1979-12;14.2;1979-12-07;7.4;0;0;0;0
1980-01;8.7;1980-01-31;-1.0;22;0;0;0
1980-02;12.1;1980-02-06;5.5;2;0;0;0
1980-03;22.0;1980-03-29;9.8;0;0;0;0
1980-04;21.2;1980-04-17;12.6;0;0;0;0
1980-05;24.0;1980-05-27;17.8;0;0;0;0
1980-06;30.0;1980-06-14;23.3;0;9;1;0
1980-07;31.1;1980-07-16;24.3;0;14;1;0
1980-08;31.9;1980-08-05;25.3;0;18;5;0
1980-09;26.1;1980-09-13;21.3;0;4;0;0
1980-10;23.8;1980-10-07;16.1;0;0;0;0
1980-11;15.8;1980-11-17;7.9;1;0;0;0
1980-12;12.1;1980-12-25;2.9;8;0;0;0
1981-01;8.7;1981-01-04;1.1;10;0;0;0
1981-02;12.4;1981-02-09;4.1;4;0;0;0
1981-03;23.0;1981-03-26;14.0;0;0;0;0
1981-04;23.1;1981-04-09;16.6;0;0;0;0
1981-05;29.6;1981-05-31;21.1;0;5;0;0
1981-06;31.5;1981-06-29;25.0;0;15;4;0
1981-07;31.7;1981-07-18;26.0;0;21;3;0
1981-08;35.8;1981-08-03;26.4;0;18;7;1
1981-09;30.2;1981-09-22;22.6;0;7;1;0
1981-10;24.6;1981-10-06;17.6;0;0;0;0
1981-11;19.4;1981-11-02;8.5;0;0;0;0
1981-12;12.0;1981-12-31;3.0;6;0;0;0
1982-01;12.2;1982-01-06;0.0;21;0;0;0
1982-02;8.8;1982-02-08;2.4;7;0;0;0
1982-03;19.0;1982-03-27;10.2;0;0;0;0
1982-04;20.5;1982-04-08;12.4;0;0;0;0
1982-05;27.2;1982-05-28;21.5;0;7;0;0
1982-06;32.0;1982-06-26;25.4;0;19;1;0
1982-07;32.2;1982-07-21;26.5;0;22;6;0
1982-08;30.8;1982-08-14;25.7;0;23;1;0
1982-09;32.3;1982-09-06;26.1;0;21;2;0
1982-10;22.2;1982-10-24;16.9;0;0;0;0
1982-11;16.3;1982-11-13;9.8;0;0;0;0
1982-12;15.6;1982-12-09;6.1;1;0;0;0
1983-01;13.2;1983-01-28;7.3;0;0;0;0
1983-02;9.5;1983-02-27;2.3;6;0;0;0
1983-03;22.5;1983-03-25;13.1;0;0;0;0
1983-04;26.3;1983-04-21;18.8;0;3;0;0
1983-05;32.0;1983-05-15;23.4;0;12;4;0
1983-06;29.6;1983-06-05;23.7;0;12;0;0
1983-07;35.3;1983-07-28;28.7;0;28;11;1
1983-08;32.3;1983-08-02;26.8;0;23;7;0
1983-09;29.6;1983-09-10;23.0;0;10;0;0
1983-10;27.1;1983-10-05;17.4;0;2;0;0
1983-11;13.7;1983-11-02;6.5;4;0;0;0
1983-12;13.4;1983-12-29;4.3;8;0;0;0
1984-01;13.6;1984-01-03;2.7;6;0;0;0
1984-02;7.8;1984-02-27;2.3;8;0;0;0
1984-03;20.3;1984-03-29;9.2;0;0;0;0
1984-04;21.0;1984-04-16;15.3;0;0;0;0
1984-05;27.6;1984-05-20;19.7;0;4;0;0
1984-06;28.1;1984-06-28;23.2;0;11;0;0
1984-07;32.6;1984-07-13;24.4;0;14;3;0
1984-08;31.4;1984-08-01;24.9;0;14;3;0
1984-09;30.2;1984-09-05;22.9;0;9;1;0
1984-10;26.4;1984-10-05;18.0;0;2;0;0
1984-11;18.8;1984-11-08;9.0;1;0;0;0
1984-12;9.2;1984-12-19;1.9;10;0;0;0
1985-01;12.3;1985-01-23;-2.4;22;0;0;0
1985-02;10.7;1985-02-06;-0.5;17;0;0;0
1985-03;18.6;1985-03-31;7.5;1;0;0;0
1985-04;23.6;1985-04-05;16.4;0;0;0;0
1985-05;28.1;1985-05-14;21.9;0;9;0;0
1985-06;28.4;1985-06-07;21.3;0;5;0;0
1985-07;35.1;1985-07-29;27.3;0;21;9;1
1985-08;33.6;1985-08-06;27.2;0;23;10;0
1985-09;29.7;1985-09-23;23.4;0;11;0;0
1985-10;27.6;1985-10-03;15.6;0;6;0;0
1985-11;19.2;1985-11-10;6.2;1;0;0;0
1985-12;16.0;1985-12-29;9.1;1;0;0;0
1986-01;11.8;1986-01-23;3.8;7;0;0;0
1986-02;8.3;1986-02-18;-0.5;18;0;0;0
1986-03;19.1;1986-03-29;7.0;2;0;0;0
1986-04;26.8;1986-04-24;18.5;0;6;0;0
1986-05;28.2;1986-05-15;24.1;0;11;0;0
1986-06;30.4;1986-06-18;23.7;0;14;1;0
1986-07;32.0;1986-07-31;25.8;0;19;4;0
1986-08;33.2;1986-08-19;28.3;0;24;16;0
1986-09;30.0;1986-09-16;23.1;0;10;1;0
1986-10;25.2;1986-10-03;17.2;0;1;0;0
1986-11;15.8;1986-11-15;9.1;0;0;0;0
1986-12;10.6;1986-12-30;1.6;13;0;0;0
1987-01;7.9;1987-01-01;-1.0;16;0;0;0
1987-02;9.8;1987-02-20;4.2;4;0;0;0
1987-03;17.9;1987-03-25;4.8;8;0;0;0
1987-04;24.0;1987-04-26;16.4;0;0;0;0
1987-05;25.1;1987-05-02;19.1;0;1;0;0
1987-06;32.0;1987-06-14;24.0;0;14;1;0
1987-07;35.0;1987-07-23;28.2;0;24;12;1
1987-08;29.4;1987-08-25;23.8;0;11;0;0
1987-09;31.2;1987-09-14;25.9;0;22;5;0
1987-10;24.8;1987-10-11;16.7;0;0;0;0
1987-11;15.0;1987-11-13;8.4;0;0;0;0
1987-12;13.2;1987-12-31;4.5;7;0;0;0
1988-01;12.8;1988-01-06;5.9;2;0;0;0
1988-02;15.0;1988-02-07;7.0;0;0;0;0
1988-03;16.6;1988-03-31;9.4;0;0;0;0
1988-04;21.0;1988-04-21;15.1;0;0;0;0
1988-05;26.2;1988-05-31;20.6;0;1;0;0
1988-06;29.4;1988-06-30;23.8;0;10;0;0
1988-07;36.7;1988-07-06;29.5;0;27;13;2
1988-08;36.0;1988-08-03;28.5;0;23;13;4
1988-09;29.6;1988-09-02;22.5;0;11;0;0
1988-10;24.6;1988-10-01;16.0;0;0;0;0
1988-11;12.4;1988-11-02;4.2;8;0;0;0
1988-12;10.8;1988-12-05;5.3;3;0;0;0
1989-01;10.5;1989-01-16;2.1;12;0;0;0
1989-02;18.6;1989-02-24;8.4;2;0;0;0
1989-03;24.0;1989-03-31;14.2;0;0;0;0
1989-04;23.5;1989-04-11;18.1;0;0;0;0
1989-05;26.6;1989-05-13;19.5;0;1;0;0
1989-06;29.1;1989-06-28;22.4;0;4;0;0
1989-07;34.1;1989-07-09;27.5;0;25;6;0
1989-08;32.1;1989-08-18;25.9;0;20;7;0
1989-09;28.0;1989-09-19;21.7;0;5;0;0
1989-10;23.5;1989-10-26;17.6;0;0;0;0
1989-11;20.5;1989-11-03;8.7;0;0;0;0
1989-12;18.6;1989-12-17;6.6;4;0;0;0
1990-01;13.1;1990-01-17;3.7;15;0;0;0
1990-02;19.1;1990-02-25;12.2;0;0;0;0
1990-03;23.4;1990-03-22;15.9;0;0;0;0
1990-04;21.9;1990-04-02;16.0;0;0;0;0
1990-05;28.5;1990-05-17;23.0;0;11;0;0
1990-06;31.8;1990-06-30;24.0;0;12;2;0
1990-07;34.5;1990-07-31;26.9;0;21;5;0
1990-08;32.7;1990-08-17;28.4;0;25;12;0
1990-09;31.6;1990-09-01;20.6;0;2;1;0
1990-10;25.4;1990-10-13;17.7;0;1;0;0
1990-11;19.2;1990-11-21;9.4;0;0;0;0
1990-12;11.1;1990-12-30;3.0;3;0;0;0
1991-01;14.7;1991-01-11;4.6;10;0;0;0
1991-02;9.6;1991-02-10;1.8;11;0;0;0
1991-03;22.8;1991-03-22;13.1;0;0;0;0
1991-04;20.5;1991-04-06;14.6;0;0;0;0
1991-05;24.0;1991-05-22;16.9;0;0;0;0
1991-06;33.4;1991-06-17;25.3;0;16;5;0
1991-07;34.0;1991-07-13;27.9;0;25;9;0
1991-08;31.2;1991-08-09;25.3;0;19;2;0
1991-09;28.1;1991-09-30;23.2;0;7;0;0
1991-10;23.4;1991-10-15;14.2;0;0;0;0
1991-11;18.7;1991-11-04;9.8;0;0;0;0
1991-12;7.3;1991-12-02;2.0;7;0;0;0
1992-01;12.3;1992-01-07;4.3;6;0;0;0
1992-02;15.7;1992-02-29;7.9;0;0;0;0
1992-03;17.4;1992-03-02;11.7;0;0;0;0
1992-04;27.0;1992-04-26;17.5;0;3;0;0
1992-05;25.6;1992-05-11;22.1;0;3;0;0
1992-06;29.4;1992-06-03;24.5;0;15;0;0
1992-07;32.3;1992-07-27;27.3;0;27;5;0
1992-08;36.7;1992-08-28;32.5;0;31;25;7
1992-09;28.3;1992-09-14;24.5;0;18;0;0
1992-10;25.4;1992-10-05;15.6;0;1;0;0
1992-11;19.0;1992-11-03;10.9;0;0;0;0
1992-12;12.8;1992-12-03;2.6;12;0;0;0
1993-01;13.7;1993-01-12;4.8;9;0;0;0
1993-02;6.6;1993-02-07;2.6;4;0;0;0
1993-03;22.0;1993-03-21;8.6;4;0;0;0
1993-04;23.7;1993-04-28;15.7;0;0;0;0
1993-05;28.0;1993-05-21;24.0;0;11;0;0
1993-06;31.1;1993-06-23;25.0;0;18;2;0
1993-07;34.3;1993-07-31;27.5;0;23;11;0
1993-08;34.6;1993-08-22;28.0;0;24;14;0
1993-09;28.3;1993-09-09;21.4;0;6;0;0
1993-10;25.7;1993-10-14;17.1;0;3;0;0
1993-11;19.6;1993-11-07;3.6;14;0;0;0
1993-12;14.8;1993-12-21;5.3;4;0;0;0
1994-01;13.8;1994-01-07;5.7;2;0;0;0
1994-02;18.0;1994-02-27;6.1;8;0;0;0
1994-03;23.0;1994-03-31;14.0;0;0;0;0
1994-04;23.3;1994-04-30;16.1;0;0;0;0
1994-05;29.4;1994-05-17;21.6;0;9;0;0
1994-06;34.0;1994-06-28;25.0;0;14;6;0
1994-07;34.7;1994-07-31;30.2;0;30;19;0
1994-08;35.6;1994-08-10;28.9;0;25;12;2
1994-09;30.6;1994-09-02;24.9;0;19;1;0
1994-10;25.7;1994-10-01;15.1;0;1;0;0
1994-11;19.2;1994-11-01;10.6;0;0;0;0
1994-12;13.4;1994-12-12;4.9;3;0;0;0
1995-01;16.0;1995-01-26;2.8;13;0;0;0
1995-02;15.1;1995-02-12;10.7;0;0;0;0
1995-03;18.5;1995-03-25;10.2;1;0;0;0
1995-04;26.2;1995-04-23;16.1;0;2;0;0
1995-05;28.5;1995-05-27;19.9;0;5;0;0
1995-06;29.5;1995-06-21;23.9;0;12;0;0
1995-07;35.6;1995-07-28;31.0;0;31;23;2
1995-08;32.0;1995-08-22;27.2;0;25;8;0
1995-09;27.5;1995-09-08;20.6;0;3;0;0
1995-10;27.1;1995-10-18;21.9;0;3;0;0
1995-11;16.7;1995-11-02;7.5;3;0;0;0
1995-12;15.3;1995-12-24;3.1;3;0;0;0
1996-01;6.2;1996-01-11;0.1;17;0;0;0
1996-02;6.1;1996-02-18;0.8;10;0;0;0
1996-03;12.8;1996-03-26;6.1;2;0;0;0
1996-04;24.9;1996-04-23;16.8;0;0;0;0
1996-05;28.8;1996-05-19;22.2;0;7;0;0
1996-06;33.5;1996-06-11;25.4;0;17;4;0
1996-07;32.1;1996-07-08;25.4;0;17;5;0
1996-08;30.5;1996-08-03;26.2;0;21;1;0
1996-09;21.8;1996-09-04;17.1;0;0;0;0
1996-10;23.7;1996-10-16;16.8;0;0;0;0
1996-11;21.9;1996-11-04;12.1;1;0;0;0
1996-12;12.1;1996-12-19;1.2;10;0;0;0
1997-01;2.7;1997-01-29;-0.4;16;0;0;0
1997-02;16.9;1997-02-23;8.1;0;0;0;0
1997-03;18.3;1997-03-03;11.5;0;0;0;0
1997-04;20.0;1997-04-11;12.6;0;0;0;0
1997-05;27.6;1997-05-18;21.7;0;10;0;0
1997-06;31.8;1997-06-28;25.0;0;16;2;0
1997-07;30.6;1997-07-04;25.0;0;18;1;0
1997-08;30.7;1997-08-15;27.3;0;26;2;0
1997-09;28.8;1997-09-03;22.9;0;10;0;0
1997-10;25.8;1997-10-07;13.6;0;2;0;0
1997-11;18.1;1997-11-12;8.7;1;0;0;0
1997-12;10.5;1997-12-26;5.1;5;0;0;0
1998-01;13.2;1998-01-10;6.5;2;0;0;0
1998-02;19.0;1998-02-16;11.6;1;0;0;0
1998-03;17.6;1998-03-04;9.9;0;0;0;0
1998-04;24.6;1998-04-05;17.6;0;0;0;0
1998-05;27.3;1998-05-13;20.3;0;6;0;0
1998-06;32.3;1998-06-07;26.2;0;20;8;0
1998-07;33.4;1998-07-24;27.3;0;24;8;0
1998-08;35.1;1998-08-04;27.5;0;22;10;1
1998-09;25.7;1998-09-11;20.4;0;2;0;0
1998-10;24.6;1998-10-06;17.0;0;0;0;0
1998-11;21.0;1998-11-04;6.9;2;0;0;0
1998-12;8.1;1998-12-17;-0.2;20;0;0;0
1999-01;11.5;1999-01-07;3.1;10;0;0;0
1999-02;16.9;1999-02-27;4.8;6;0;0;0
1999-03;19.3;1999-03-26;12.5;0;0;0;0
1999-04;22.3;1999-04-07;17.0;0;0;0;0
1999-05;30.6;1999-05-31;21.2;0;6;1;0
1999-06;29.2;1999-06-28;24.5;0;14;0;0
1999-07;32.9;1999-07-06;26.3;0;21;3;0
1999-08;33.7;1999-08-10;25.8;0;16;6;0
1999-09;30.1;1999-09-26;24.2;0;14;1;0
1999-10;25.7;1999-10-03;16.9;0;2;0;0
1999-11;17.7;1999-11-02;5.2;8;0;0;0
1999-12;12.3;1999-12-10;3.8;5;0;0;0
2000-01;12.9;2000-01-31;1.4;18;0;0;0
2000-02;16.6;2000-02-07;9.0;0;0;0;0
2000-03;18.8;2000-03-09;11.8;0;0;0;0
2000-04;26.7;2000-04-23;19.5;0;6;0;0
2000-05;29.4;2000-05-27;23.7;0;12;0;0
2000-06;34.5;2000-06-14;27.3;0;19;10;0
2000-07;34.3;2000-07-04;26.7;0;19;7;0
2000-08;37.0;2000-08-20;30.2;0;28;14;3
2000-09;29.1;2000-09-20;22.1;0;7;0;0
2000-10;26.3;2000-10-13;19.3;0;1;0;0
2000-11;21.4;2000-11-14;14.1;0;0;0;0
2000-12;13.1;2000-12-12;6.3;3;0;0;0
2001-01;14.1;2001-01-07;5.1;5;0;0;0
2001-02;16.9;2001-02-09;8.5;0;0;0;0
2001-03;22.0;2001-03-25;14.4;0;0;0;0
2001-04;25.1;2001-04-30;15.5;0;1;0;0
2001-05;29.4;2001-05-18;23.8;0;11;0;0
2001-06;31.3;2001-06-28;23.1;0;14;1;0
2001-07;33.3;2001-07-16;26.3;0;21;4;0
2001-08;36.0;2001-08-10;28.6;0;26;14;2
2001-09;26.7;2001-09-04;19.9;0;2;0;0
2001-10;26.8;2001-10-08;19.6;0;4;0;0
2001-11;16.8;2001-10-31;7.4;1;0;0;0
2001-12;6.6;2001-12-30;-0.5;17;0;0;0
2002-01;17.0;2002-01-30;3.6;12;0;0;0
2002-02;16.7;2002-02-27;10.7;0;0;0;0
2002-03;20.0;2002-03-14;13.9;0;0;0;0
2002-04;22.0;2002-04-29;16.1;0;0;0;0
2002-05;29.3;2002-05-18;23.7;0;9;0;0
2002-06;34.8;2002-06-24;27.0;0;17;9;0
2002-07;33.3;2002-07-03;28.4;0;27;9;0
2002-08;29.6;2002-08-03;25.7;0;22;0;0
2002-09;28.3;2002-09-09;20.5;0;11;0;0
2002-10;25.2;2002-10-17;16.9;0;1;0;0
2002-11;21.7;2002-11-15;12.5;0;0;0;0
2002-12;10.2;2002-12-31;2.6;11;0;0;0
2003-01;15.5;2003-01-03;1.2;14;0;0;0
2003-02;8.6;2003-02-28;0.5;11;0;0;0
2003-03;21.3;2003-03-30;11.8;0;0;0;0
2003-04;28.4;2003-04-30;16.6;0;2;0;0
2003-05;32.3;2003-05-09;26.1;0;24;5;0
2003-06;34.6;2003-06-13;29.5;0;29;14;0
2003-07;33.8;2003-07-22;28.4;0;27;12;0
2003-08;36.0;2003-08-14;30.9;0;30;23;2
2003-09;30.3;2003-09-22;23.0;0;9;1;0
2003-10;26.3;2003-10-03;13.9;0;2;0;0
2003-11;19.4;2003-11-01;11.9;0;0;0;0
2003-12;8.9;2003-12-01;4.7;3;0;0;0
2004-01;11.0;2004-01-14;1.4;15;0;0;0
2004-02;17.7;2004-02-06;5.8;1;0;0;0
2004-03;22.8;2004-03-18;9.6;1;0;0;0
2004-04;23.7;2004-04-23;15.7;0;0;0;0
2004-05;26.7;2004-05-21;19.5;0;3;0;0
2004-06;28.9;2004-06-11;23.5;0;11;0;0
2004-07;33.9;2004-07-22;26.6;0;19;9;0
2004-08;31.7;2004-08-20;26.5;0;20;4;0
2004-09;28.7;2004-09-15;21.1;0;3;0;0
2004-10;23.1;2004-10-27;17.5;0;0;0;0
2004-11;19.8;2004-11-02;10.0;0;0;0;0
2004-12;12.3;2004-12-02;3.7;8;0;0;0
2005-01;13.7;2005-01-08;4.2;7;0;0;0
2005-02;5.8;2005-02-13;0.9;7;0;0;0
2005-03;19.6;2005-03-17;8.8;6;0;0;0
2005-04;21.0;2005-04-08;15.9;0;0;0;0
2005-05;31.0;2005-05-30;21.5;0;9;2;0
2005-06;30.9;2005-06-29;24.3;0;18;1;0
2005-07;32.6;2005-07-29;25.9;0;18;5;0
2005-08;29.5;2005-08-02;23.2;0;9;0;0
2005-09;27.6;2005-09-01;21.4;0;6;0;0
2005-10;23.2;2005-10-23;16.3;0;0;0;0
2005-11;16.0;2005-11-16;7.9;2;0;0;0
2005-12;10.1;2005-12-04;3.4;2;0;0;0
2006-01;7.3;2006-01-21;0.9;11;0;0;0
2006-02;15.4;2006-02-20;3.5;9;0;0;0
2006-03;20.4;2006-03-27;8.8;2;0;0;0
2006-04;24.3;2006-04-25;17.9;0;0;0;0
2006-05;29.7;2006-05-23;21.0;0;6;0;0
2006-06;34.0;2006-06-27;24.4;0;15;8;0
2006-07;33.3;2006-07-22;29.0;0;26;14;0
2006-08;31.9;2006-08-01;23.7;0;10;5;0
2006-09;28.5;2006-09-04;23.2;0;5;0;0
2006-10;26.8;2006-10-03;19.1;0;2;0;0
2006-11;19.2;2006-11-17;12.2;0;0;0;0
2006-12;16.9;2006-12-08;5.8;4;0;0;0
2007-01;14.2;2007-01-10;9.7;1;0;0;0
2007-02;14.6;2007-02-22;9.7;0;0;0;0
2007-03;18.9;2007-03-18;12.9;0;0;0;0
2007-04;25.4;2007-04-29;19.7;0;1;0;0
2007-05;29.5;2007-05-14;23.5;0;12;0;0
2007-06;34.3;2007-06-21;27.4;0;23;5;0
2007-07;38.6;2007-07-20;30.2;0;27;14;7
2007-08;33.2;2007-08-16;28.1;0;26;10;0
2007-09;27.6;2007-09-18;20.0;0;2;0;0
2007-10;24.0;2007-10-03;14.2;0;0;0;0
2007-11;14.9;2007-11-24;7.1;1;0;0;0
2007-12;8.7;2007-12-03;1.2;16;0;0;0
2008-01;11.8;2008-01-21;4.6;6;0;0;0
2008-02;19.4;2008-02-25;10.0;1;0;0;0
2008-03;17.4;2008-03-03;11.7;0;0;0;0
2008-04;23.7;2008-04-21;17.1;0;0;0;0
2008-05;31.8;2008-05-28;22.9;0;10;2;0
2008-06;32.1;2008-06-23;25.9;0;20;6;0
2008-07;32.7;2008-07-13;26.9;0;25;6;0
2008-08;34.6;2008-08-15;28.1;0;24;10;0
2008-09;34.3;2008-09-07;20.7;0;12;4;0
2008-10;22.5;2008-10-02;18.5;0;0;0;0
2008-11;20.9;2008-11-05;11.1;0;0;0;0
2008-12;15.2;2008-12-01;5.4;6;0;0;0
2009-01;11.1;2009-01-20;0.5;17;0;0;0
2009-02;14.3;2009-02-05;4.8;0;0;0;0
2009-03;18.9;2009-03-28;10.9;0;0;0;0
2009-04;24.0;2009-04-10;20.7;0;0;0;0
2009-05;29.5;2009-05-22;23.0;0;12;0;0
2009-06;30.6;2009-06-19;24.4;0;14;2;0
2009-07;33.9;2009-07-23;28.2;0;24;10;0
2009-08;34.2;2009-08-02;29.0;0;27;12;0
2009-09;31.5;2009-09-03;25.5;0;19;3;0
2009-10;27.4;2009-10-08;16.2;0;4;0;0
2009-11;18.7;2009-11-17;11.4;0;0;0;0
2009-12;19.5;2009-12-25;5.4;8;0;0;0
2010-01;9.7;2009-12-31;0.5;11;0;0;0
2010-02;13.1;2010-02-25;4.0;4;0;0;0
2010-03;21.4;2010-03-26;10.5;1;0;0;0
2010-04;24.8;2010-04-30;16.7;0;0;0;0
2010-05;26.5;2010-05-25;20.5;0;3;0;0
2010-06;32.4;2010-06-12;24.0;0;15;4;0
2010-07;33.5;2010-07-23;27.9;0;24;11;0
2010-08;33.5;2010-08-27;26.7;0;25;6;0
2010-09;23.5;2010-09-04;18.9;0;0;0;0
2010-10;16.3;2010-10-23;13.2;0;0;0;0
2010-11;19.9;2010-11-05;12.4;0;0;0;0
2010-12;15.9;2010-12-24;3.0;13;0;0;0
2011-01;14.4;2011-01-09;3.9;7;0;0;0
2011-02;15.0;2011-02-08;3.9;10;0;0;0
2011-03;21.7;2011-03-25;11.2;2;0;0;0
2011-04;24.0;2011-04-22;18.6;0;0;0;0
2011-05;28.8;2011-05-31;22.5;0;13;0;0
2011-06;31.5;2011-06-22;26.6;0;24;3;0
2011-07;36.3;2011-07-10;27.3;0;17;12;3
2011-08;35.2;2011-08-24;28.5;0;26;10;1
2011-09;32.4;2011-09-11;26.9;0;21;7;0
2011-10;26.4;2011-10-04;16.1;0;6;0;0
2011-11;18.1;2011-11-05;6.1;6;0;0;0
2011-12;15.1;2011-12-04;6.1;3;0;0;0
2012-01;10.8;2012-01-03;5.3;3;0;0;0
2012-02;14.4;2012-02-25;0.3;14;0;0;0
2012-03;22.5;2012-03-17;15.1;0;0;0;0
2012-04;29.3;2012-04-30;17.9;0;3;0;0
2012-05;30.0;2012-05-02;22.2;0;7;1;0
2012-06;34.2;2012-06-30;27.0;0;20;7;0
2012-07;35.6;2012-07-01;30.4;0;29;17;1
2012-08;38.2;2012-08-24;31.2;0;28;21;7
2012-09;31.6;2012-09-03;25.1;0;15;3;0
2012-10;24.1;2012-10-20;16.9;0;0;0;0
2012-11;19.5;2012-11-04;12.0;0;0;0;0
2012-12;13.1;2012-12-25;3.2;9;0;0;0
2013-01;12.5;2013-01-21;4.1;7;0;0;0
2013-02;11.5;2013-02-02;4.8;2;0;0;0
2013-03;17.7;2013-03-08;8.1;2;0;0;0
2013-04;28.0;2013-04-29;17.8;0;5;0;0
2013-05;28.5;2013-05-01;21.3;0;4;0;0
2013-06;33.5;2013-06-19;24.2;0;14;6;0
2013-07;36.9;2013-07-29;28.8;0;28;8;1
2013-08;36.8;2013-08-08;29.0;0;23;14;4
2013-09;25.7;2013-09-08;20.5;0;4;0;0
2013-10;25.1;2013-10-23;18.5;0;1;0;0
2013-11;21.4;2013-11-03;10.5;0;0;0;0
2013-12;11.6;2013-12-29;4.8;8;0;0;0
2014-01;14.2;2014-01-20;6.2;7;0;0;0
2014-02;17.7;2014-02-16;8.0;4;0;0;0
2014-03;20.4;2014-03-17;15.0;0;0;0;0
2014-04;22.9;2014-04-08;17.8;0;0;0;0
2014-05;27.9;2014-05-23;20.4;0;6;0;0
2014-06;33.0;2014-06-11;25.6;0;16;6;0
2014-07;31.2;2014-07-07;26.8;0;25;3;0
2014-08;31.6;2014-08-13;25.8;0;18;2;0
2014-09;25.8;2014-09-09;21.2;0;3;0;0
2014-10;26.4;2014-10-13;17.8;0;4;0;0
2014-11;19.7;2014-11-05;11.2;0;0;0;0
2014-12;14.7;2014-12-14;6.5;4;0;0;0
2015-01;13.1;2015-01-16;5.7;3;0;0;0
2015-02;10.7;2015-02-21;5.4;1;0;0;0
2015-03;21.5;2015-03-26;12.0;0;0;0;0
2015-04;24.7;2015-04-16;17.4;0;0;0;0
2015-05;29.1;2015-05-19;21.8;0;6;0;0
2015-06;30.9;2015-06-14;25.5;0;17;1;0
2015-07;35.7;2015-07-23;29.6;0;25;17;2
2015-08;36.4;2015-08-13;29.5;0;23;17;2
2015-09;34.2;2015-09-17;22.6;0;11;4;0
2015-10;23.2;2015-10-04;14.6;0;0;0;0
2015-11;21.4;2015-11-11;12.8;0;0;0;0
2015-12;13.0;2015-12-23;5.6;2;0;0;0
2016-01;14.4;2016-01-11;4.3;9;0;0;0
2016-02;15.9;2016-02-22;10.4;0;0;0;0
2016-03;22.4;2016-03-31;11.6;0;0;0;0
2016-04;25.8;2016-04-17;18.9;0;3;0;0
2016-05;29.5;2016-05-29;21.0;0;8;0;0
2016-06;32.9;2016-06-24;26.0;0;16;3;0
2016-07;33.8;2016-07-12;27.9;0;27;10;0
2016-08;30.9;2016-08-05;25.9;0;24;2;0
2016-09;30.3;2016-09-12;24.5;0;15;1;0
2016-10;24.4;2016-10-01;13.8;0;0;0;0
2016-11;17.5;2016-11-18;10.0;0;0;0;0
2016-12;12.3;2016-12-26;3.3;9;0;0;0
2017-01;6.9;2017-01-02;-1.4;21;0;0;0
2017-02;17.0;2017-02-28;7.8;0;0;0;0
2017-03;22.9;2017-03-22;15.3;0;0;0;0
2017-04;23.3;2017-04-03;16.4;0;0;0;0
2017-05;29.5;2017-05-31;22.1;0;6;0;0
2017-06;33.1;2017-06-22;27.7;0;24;7;0
2017-07;35.4;2017-07-10;28.7;0;26;14;1
2017-08;36.0;2017-08-04;29.9;0;25;16;2
2017-09;28.9;2017-09-01;20.7;0;7;0;0
2017-10;24.2;2017-10-18;17.8;0;0;0;0
2017-11;15.8;2017-11-02;9.9;0;0;0;0
2017-12;16.3;2017-12-12;7.0;0;0;0;0
2018-01;15.3;2018-01-08;7.4;1;0;0;0
2018-02;14.3;2018-02-01;2.8;4;0;0;0
2018-03;19.9;2018-03-30;7.8;5;0;0;0
2018-04;28.5;2018-04-29;21.5;0;6;0;0
2018-05;29.0;2018-05-02;25.2;0;19;0;0
2018-06;31.3;2018-06-12;26.2;0;20;2;0
2018-07;31.0;2018-07-29;27.0;0;24;4;0
2018-08;32.4;2018-08-22;29.5;0;29;18;0
2018-09;29.9;2018-09-01;24.1;0;18;0;0
2018-10;25.2;2018-10-27;20.0;0;1;0;0
2018-11;21.0;2018-11-12;10.9;2;0;0;0
2018-12;11.9;2018-12-04;5.0;6;0;0;0
2019-01;12.5;2019-01-17;2.7;7;0;0;0
2019-02;18.5;2019-02-28;9.3;0;0;0;0
2019-03;22.1;2019-03-17;15.5;0;0;0;0
2019-04;27.6;2019-04-26;17.9;0;2;0;0
2019-05;25.3;2019-05-26;18.1;0;1;0;0
2019-06;32.7;2019-06-27;28.2;0;26;9;0
2019-07;34.0;2019-07-01;27.8;0;23;11;0
2019-08;33.9;2019-08-12;29.0;0;27;12;0
2019-09;32.1;2019-09-01;23.8;0;10;2;0
2019-10;27.0;2019-10-22;19.9;0;3;0;0
2019-11;21.0;2019-11-05;12.7;0;0;0;0
2019-12;16.3;2019-12-18;7.1;2;0;0;0
