#datum;m_txx;m_txxd;m_txa;m_dtx0;m_dtx25;m_dtx30;m_dtx35
1901-01;6.1;1901-01-23;-3.9;22;0;0;0
1901-02;11.2;1901-02-06;0.4;12;0;0;0
1901-03;19.5;1901-03-19;10.4;0;0;0;0
1901-04;25.0;1901-04-10;15.9;0;1;0;0
1901-05;29.1;1901-05-31;21.7;0;7;0;0
1901-06;31.3;1901-06-01;25.9;0;18;3;0
1901-07;33.0;1901-07-30;27.2;0;25;5;0
1901-08;32.1;1901-08-01;24.7;0;16;1;0
1901-09;27.2;1901-09-01;20.5;0;1;0;0
1901-10;24.6;1901-10-03;16.2;0;0;0;0
1901-11;19.5;1901-11-15;7.8;0;0;0;0
1901-12;14.4;1901-12-20;7.5;0;0;0;0
1902-01;10.2;1902-01-03;5.7;1;0;0;0
1902-02;12.8;1902-02-08;6.5;0;0;0;0
1902-03;18.4;1902-03-23;9.0;2;0;0;0
1902-04;20.3;1902-04-04;14.7;0;0;0;0
1902-05;25.3;1902-05-31;17.4;0;1;0;0
1902-06;31.0;1902-06-30;23.7;0;12;1;0
1902-07;32.3;1902-07-01;26.0;0;17;4;0
1902-08;34.2;1902-08-03;27.2;0;22;9;0
1902-09;30.1;1902-09-06;21.4;0;8;1;0
1902-10;20.2;1902-10-17;14.9;0;0;0;0
1902-11;14.0;1902-11-02;5.4;5;0;0;0
1902-12;9.8;1902-12-31;-1.8;15;0;0;0
1903-01;14.3;1903-01-11;1.3;13;0;0;0
1903-02;18.2;1903-02-23;8.3;0;0;0;0
1903-03;23.2;1903-03-29;14.5;0;0;0;0
1903-04;22.7;1903-04-29;13.9;0;0;0;0
1903-05;28.0;1903-05-08;21.4;0;5;0;0
1903-06;29.0;1903-06-03;23.4;0;12;0;0
1903-07;35.4;1903-07-20;26.3;0;21;8;1
1903-08;33.2;1903-08-15;26.5;0;20;7;0
1903-09;32.8;1903-09-14;23.2;0;12;3;0
1903-10;24.4;1903-10-07;16.6;0;0;0;0
1903-11;16.7;1903-11-01;10.1;0;0;0;0
1903-12;13.0;1903-12-02;5.5;3;0;0;0
1904-01;12.1;1904-01-14;0.5;15;0;0;0
1904-02;14.2;1904-02-06;6.5;0;0;0;0
1904-03;15.1;1904-03-10;10.1;0;0;0;0
1904-04;25.4;1904-04-23;17.2;0;1;0;0
1904-05;30.9;1904-05-18;22.3;0;9;1;0
1904-06;31.2;1904-06-25;24.9;0;15;1;0
1904-07;36.2;1904-07-26;30.0;0;30;14;5
1904-08;35.3;1904-08-07;28.1;0;22;13;2
1904-09;29.0;1904-09-14;20.0;0;4;0;0
1904-10;19.8;1904-10-02;14.7;0;0;0;0
1904-11;15.0;1904-11-08;6.7;2;0;0;0
1904-12;14.0;1904-12-30;4.9;4;0;0;0
1905-01;5.8;1905-01-31;-2.2;19;0;0;0
1905-02;11.0;1905-02-28;3.7;5;0;0;0
1905-03;18.0;1905-03-31;11.0;0;0;0;0
1905-04;22.6;1905-04-12;15.1;0;0;0;0
1905-05;26.5;1905-05-03;21.8;0;4;0;0
1905-06;32.5;1905-06-26;25.7;0;20;3;0
1905-07;35.0;1905-07-06;29.8;0;29;15;1
1905-08;37.2;1905-08-11;29.9;0;27;12;7
1905-09;33.0;1905-09-12;24.1;0;11;8;0
1905-10;18.0;1905-10-01;10.5;0;0;0;0
1905-11;17.5;1905-11-05;11.0;0;0;0;0
1905-12;9.0;1905-12-01;4.4;2;0;0;0
1906-01;8.0;1906-01-14;1.1;10;0;0;0
1906-02;16.8;1906-02-28;3.9;3;0;0;0
1906-03;20.0;1906-03-19;10.8;0;0;0;0
1906-04;25.0;1906-04-19;17.6;0;1;0;0
1906-05;26.5;1906-05-25;22.4;0;6;0;0
1906-06;32.4;1906-06-29;24.5;0;15;2;0
1906-07;32.7;1906-07-06;26.7;0;23;5;0
1906-08;35.0;1906-08-04;26.2;0;19;10;1
1906-09;30.0;1906-09-06;19.6;0;9;1;0
1906-10;21.0;1906-10-16;15.6;0;0;0;0
1906-11;18.9;1906-11-08;12.0;0;0;0;0
1906-12;11.6;1906-12-01;1.5;15;0;0;0
1907-01;5.8;1907-01-16;0.3;12;0;0;0
1907-02;8.0;1907-02-20;0.5;15;0;0;0
1907-03;15.7;1907-03-20;6.1;0;0;0;0
1907-04;20.0;1907-04-29;12.5;0;0;0;0
1907-05;30.8;1907-05-15;24.9;0;18;1;0
1907-06;32.6;1907-06-23;25.2;0;17;2;0
1907-07;33.7;1907-07-02;25.6;0;16;4;0
1907-08;33.2;1907-08-11;26.7;0;20;9;0
1907-09;31.2;1907-09-03;22.8;0;8;1;0
1907-10;27.0;1907-10-10;22.0;0;3;0;0
1907-11;18.1;1907-11-01;8.0;0;0;0;0
1907-12;11.0;1907-12-07;5.6;3;0;0;0
1908-01;8.0;1908-01-28;0.6;11;0;0;0
1908-02;10.2;1908-02-29;3.4;3;0;0;0
1908-03;15.4;1908-03-10;9.6;0;0;0;0
1908-04;21.5;1908-04-29;14.5;0;0;0;0
1908-05;31.4;1908-05-14;25.1;0;17;3;0
1908-06;36.7;1908-06-20;28.0;0;23;11;2
1908-07;34.4;1908-07-14;27.4;0;24;4;0
1908-08;31.2;1908-08-23;24.8;0;15;5;0
1908-09;27.3;1908-09-11;20.4;0;4;0;0
1908-10;24.0;1908-10-05;15.2;0;0;0;0
1908-11;9.6;1908-11-01;2.5;5;0;0;0
1908-12;8.1;1908-12-12;1.2;11;0;0;0
1909-01;4.5;1909-01-16;-1.0;17;0;0;0
1909-02;5.5;1909-02-06;-0.2;15;0;0;0
1909-03;19.6;1909-03-30;10.5;0;0;0;0
1909-04;29.4;1909-04-28;16.7;0;5;0;0
1909-05;31.8;1909-05-17;21.2;0;10;2;0
1909-06;32.0;1909-06-22;25.3;0;17;5;0
1909-07;36.0;1909-07-26;26.6;0;21;6;1
1909-08;35.0;1909-08-18;28.4;0;27;10;1
1909-09;28.5;1909-09-11;22.2;0;7;0;0
1909-10;24.0;1909-10-06;18.2;0;0;0;0
1909-11;16.3;1909-11-16;7.3;1;0;0;0
1909-12;14.2;1909-12-04;7.6;2;0;0;0
1910-01;8.4;1910-01-17;4.0;1;0;0;0
1910-02;14.8;1910-02-23;8.5;0;0;0;0
1910-03;17.2;1910-03-20;11.9;0;0;0;0
1910-04;24.0;1910-04-15;15.9;0;0;0;0
1910-05;29.0;1910-05-11;21.8;0;13;0;0
1910-06;32.3;1910-06-30;27.1;0;25;4;0
1910-07;34.8;1910-07-23;27.6;0;24;7;0
1910-08;31.5;1910-08-22;26.2;0;18;3;0
1910-09;25.0;1910-09-11;19.9;0;2;0;0
1910-10;23.5;1910-10-13;15.8;0;0;0;0
1910-11;18.0;1910-11-09;8.0;1;0;0;0
1910-12;12.5;1910-12-10;6.5;0;0;0;0
1911-01;9.0;1911-01-06;2.9;4;0;0;0
1911-02;11.8;1911-02-19;2.1;12;0;0;0
1911-03;23.0;1911-03-29;11.0;0;0;0;0
1911-04;24.0;1911-04-23;15.6;0;0;0;0
1911-05;30.4;1911-05-16;21.8;0;9;1;0
1911-06;32.7;1911-06-26;25.0;0;18;4;0
1911-07;37.2;1911-07-26;30.1;0;28;18;3
1911-08;34.2;1911-08-24;28.6;0;29;10;0
1911-09;30.3;1911-09-15;23.0;0;12;2;0
1911-10;25.5;1911-10-07;16.5;0;1;0;0
1911-11;18.5;1911-11-23;12.7;0;0;0;0
1911-12;9.0;1911-12-16;5.5;0;0;0;0
1912-01;9.2;1912-01-26;-0.1;17;0;0;0
1912-02;14.0;1912-02-11;7.2;3;0;0;0
1912-03;18.0;1912-03-29;12.9;0;0;0;0
1912-04;24.0;1912-04-09;13.3;0;0;0;0
1912-05;32.5;1912-05-13;21.3;0;6;1;0
1912-06;33.0;1912-06-30;26.5;0;24;6;0
1912-07;32.5;1912-07-29;27.8;0;25;7;0
1912-08;32.5;1912-08-05;24.9;0;17;3;0
1912-09;21.0;1912-09-01;14.8;0;0;0;0
1912-10;25.0;1912-10-03;13.2;0;1;0;0
1912-11;12.2;1912-11-01;6.0;0;0;0;0
1912-12;11.0;1912-12-16;4.6;4;0;0;0
1913-01;8.0;1913-01-26;0.3;16;0;0;0
1913-02;11.0;1913-02-27;3.4;7;0;0;0
1913-03;24.0;1913-03-23;13.9;2;0;0;0
1913-04;28.0;1913-04-26;16.7;0;5;0;0
1913-05;29.0;1913-05-31;21.0;0;10;0;0
1913-06;34.0;1913-06-05;24.7;0;17;5;0
1913-07;30.0;1913-07-15;24.3;0;11;1;0
1913-08;30.0;1913-08-06;23.8;0;13;1;0
1913-09;29.0;1913-09-19;21.1;0;9;0;0
1913-10;25.5;1913-10-08;17.0;0;1;0;0
1913-11;17.4;1913-11-06;10.1;0;0;0;0
1913-12;11.8;1913-12-01;5.1;2;0;0;0
1914-01;2.0;1914-01-04;-3.4;26;0;0;0
1914-02;15.2;1914-02-27;0.6;18;0;0;0
1914-03;19.8;1914-03-10;11.4;0;0;0;0
1914-04;26.2;1914-04-30;18.1;0;2;0;0
1914-05;27.5;1914-05-27;21.5;0;9;0;0
1914-06;29.0;1914-06-29;23.9;0;12;0;0
1914-07;33.9;1914-07-23;25.7;0;18;3;0
1914-08;31.0;1914-08-13;26.1;0;22;4;0
1914-09;28.3;1914-09-11;19.8;0;5;0;0
1914-10;19.4;1914-10-29;14.0;0;0;0;0
1914-11;15.4;1914-11-01;6.6;2;0;0;0
1914-12;12.4;1914-12-15;6.2;0;0;0;0
1915-01;10.4;1915-01-03;5.3;3;0;0;0
1915-02;14.0;1915-02-14;5.5;6;0;0;0
1915-03;14.6;1915-03-18;8.0;2;0;0;0
1915-04;23.7;1915-04-27;15.0;0;0;0;0
1915-05;31.2;1915-05-19;22.8;0;11;1;0
1915-06;32.9;1915-06-13;26.4;0;18;5;0
1915-07;34.3;1915-07-09;26.3;0;21;7;0
1915-08;28.4;1915-08-29;23.7;0;11;0;0
1915-09;24.3;1915-09-28;18.8;0;0;0;0
1915-10;27.8;1915-10-02;13.2;0;2;0;0
1915-11;18.4;1915-11-03;7.1;6;0;0;0
1915-12;16.1;1915-12-10;8.0;1;0;0;0
1916-01;10.4;1916-01-23;5.7;0;0;0;0
1916-02;10.6;1916-02-28;4.7;3;0;0;0
1916-03;21.8;1916-03-25;14.7;0;0;0;0
1916-04;23.5;1916-04-23;15.8;0;0;0;0
1916-05;28.0;1916-05-26;21.7;0;7;0;0
1916-06;32.0;1916-06-10;24.9;0;15;3;0
1916-07;37.4;1916-07-05;27.4;0;24;9;1
1916-08;33.6;1916-08-17;26.2;0;19;6;0
1916-09;25.8;1916-09-06;20.4;0;2;0;0
1916-10;24.2;1916-10-15;15.6;0;0;0;0
1916-11;17.0;1916-11-09;11.3;0;0;0;0
1916-12;11.7;1916-12-27;8.2;0;0;0;0
1917-01;13.4;1917-01-17;3.8;12;0;0;0
1917-02;4.0;1917-02-26;-1.6;17;0;0;0
1917-03;17.8;1917-03-31;8.6;0;0;0;0
1917-04;25.0;1917-04-15;15.4;0;1;0;0
1917-05;30.8;1917-05-31;24.2;0;13;1;0
1917-06;33.4;1917-06-22;27.8;0;26;8;0
1917-07;36.0;1917-07-31;27.9;0;26;6;2
1917-08;37.4;1917-08-02;29.7;0;28;15;2
1917-09;30.4;1917-09-20;25.0;0;15;3;0
1917-10;26.4;1917-10-04;18.5;0;4;0;0
1917-11;17.0;1917-11-09;10.1;0;0;0;0
1917-12;12.0;1917-12-01;1.8;10;0;0;0
1918-01;11.9;1918-01-24;4.6;6;0;0;0
1918-02;12.0;1918-02-28;4.3;9;0;0;0
1918-03;19.0;1918-03-24;11.4;0;0;0;0
1918-04;25.4;1918-04-30;21.1;0;2;0;0
1918-05;29.0;1918-05-21;22.5;0;7;0;0
1918-06;35.0;1918-06-18;24.5;0;13;2;1
1918-07;34.8;1918-07-18;27.1;0;21;9;0
1918-08;34.6;1918-08-24;26.7;0;21;8;0
1918-09;33.3;1918-09-24;25.1;0;16;4;0
1918-10;22.0;1918-10-15;15.7;0;0;0;0
1918-11;16.5;1918-11-06;6.3;0;0;0;0
1918-12;9.8;1918-12-31;3.1;2;0;0;0
1919-01;12.6;1919-01-08;5.4;1;0;0;0
1919-02;14.0;1919-02-22;4.2;9;0;0;0
1919-03;18.5;1919-03-27;10.9;0;0;0;0
1919-04;20.7;1919-04-15;15.4;0;0;0;0
1919-05;24.5;1919-05-12;16.6;0;0;0;0
1919-06;33.0;1919-06-13;25.2;0;13;7;0
1919-07;34.6;1919-07-08;26.4;0;19;6;0
1919-08;33.2;1919-08-21;26.8;0;21;6;0
1919-09;28.0;1919-09-07;24.7;0;16;0;0
1919-10;25.0;1919-10-01;13.7;0;1;0;0
1919-11;16.6;1919-11-08;8.2;2;0;0;0
1919-12;8.6;1919-12-02;2.6;7;0;0;0
1920-01;12.0;1920-01-13;5.2;3;0;0;0
1920-02;12.3;1920-02-26;5.1;3;0;0;0
1920-03;22.3;1920-03-08;11.9;0;0;0;0
1920-04;28.4;1920-04-18;20.6;0;3;0;0
1920-05;29.7;1920-05-21;24.2;0;18;0;0
1920-06;31.0;1920-06-03;24.4;0;13;1;0
1920-07;32.8;1920-07-09;27.4;0;23;9;0
1920-08;31.0;1920-08-06;24.8;0;18;2;0
1920-09;29.6;1920-09-21;22.7;0;9;0;0
1920-10;24.7;1920-10-03;12.8;1;0;0;0
1920-11;11.6;1920-11-17;4.9;3;0;0;0
1920-12;11.0;1920-12-29;5.5;0;0;0;0
1921-01;14.3;1921-01-14;7.4;0;0;0;0
1921-02;12.0;1921-02-02;5.1;1;0;0;0
1921-03;21.0;1921-03-26;13.9;0;0;0;0
1921-04;24.0;1921-04-16;16.6;0;0;0;0
1921-05;30.8;1921-05-21;23.8;0;13;1;0
1921-06;32.8;1921-06-03;23.7;0;13;6;0
1921-07;36.7;1921-07-27;29.1;0;24;11;4
1921-08;37.1;1921-08-11;28.3;0;26;12;2
1921-09;28.9;1921-09-16;21.8;0;8;0;0
1921-10;24.8;1921-10-04;17.4;0;0;0;0
1921-11;14.2;1921-11-06;5.4;7;0;0;0
1921-12;8.8;1921-12-21;2.6;9;0;0;0
1922-01;6.8;1922-01-01;0.2;15;0;0;0
1922-02;5.2;1922-02-04;-1.0;13;0;0;0
1922-03;18.3;1922-03-21;12.2;0;0;0;0
1922-04;23.4;1922-04-30;14.4;0;0;0;0
1922-05;28.8;1922-05-27;21.5;0;7;0;0
1922-06;32.6;1922-06-11;25.5;0;18;1;0
1922-07;35.3;1922-07-12;27.9;0;23;13;1
1922-08;35.0;1922-08-15;27.2;0;21;7;1
1922-09;30.0;1922-09-01;20.6;0;3;1;0
1922-10;21.0;1922-10-06;12.4;0;0;0;0
1922-11;14.0;1922-11-04;6.1;1;0;0;0
1922-12;9.8;1922-12-31;4.5;2;0;0;0
1923-01;7.8;1923-01-02;3.6;8;0;0;0
1923-02;12.2;1923-02-03;4.4;4;0;0;0
1923-03;17.8;1923-03-28;10.6;0;0;0;0
1923-04;23.6;1923-04-13;15.1;0;0;0;0
1923-05;34.0;1923-05-31;24.2;0;14;2;0
1923-06;33.8;1923-06-01;23.0;0;7;1;0
1923-07;35.0;1923-07-16;28.0;0;26;7;1
1923-08;34.0;1923-08-01;27.3;0;24;5;0
1923-09;31.8;1923-09-01;23.5;0;13;3;0
1923-10;26.6;1923-10-02;19.9;0;2;0;0
1923-11;17.6;1923-11-08;12.4;0;0;0;0
1923-12;13.0;1923-12-03;4.5;11;0;0;0
1924-01;5.8;1924-01-21;-1.0;20;0;0;0
1924-02;7.8;1924-02-15;2.3;9;0;0;0
1924-03;18.4;1924-03-25;8.3;1;0;0;0
1924-04;23.8;1924-04-27;14.7;0;0;0;0
1924-05;30.0;1924-05-28;24.1;0;18;1;0
1924-06;31.0;1924-06-02;26.3;0;21;4;0
1924-07;35.4;1924-07-05;27.5;0;23;8;2
1924-08;29.8;1924-08-13;25.3;0;19;0;0
1924-09;29.0;1924-09-25;23.9;0;11;0;0
1924-10;23.9;1924-10-05;16.0;0;0;0;0
1924-11;19.7;1924-11-04;7.4;1;0;0;0
1924-12;13.3;1924-12-04;3.4;8;0;0;0
1925-01;11.6;1925-01-05;3.7;9;0;0;0
1925-02;18.3;1925-02-15;11.2;0;0;0;0
1925-03;20.2;1925-03-27;10.2;0;0;0;0
1925-04;22.9;1925-04-20;17.7;0;0;0;0
1925-05;29.8;1925-05-31;23.4;0;13;0;0
1925-06;30.8;1925-06-01;24.2;0;9;2;0
1925-07;31.8;1925-07-05;27.9;0;27;10;0
1925-08;31.6;1925-08-24;27.0;0;21;2;0
1925-09;27.8;1925-09-02;20.8;0;5;0;0
1925-10;24.7;1925-10-01;16.8;0;0;0;0
1925-11;17.4;1925-11-05;10.2;1;0;0;0
1925-12;12.0;1925-12-30;1.5;14;0;0;0
1926-01;10.6;1926-01-01;3.7;5;0;0;0
1926-02;12.2;1926-02-03;8.5;0;0;0;0
1926-03;24.2;1926-03-30;9.7;0;0;0;0
1926-04;28.2;1926-04-24;19.0;0;1;0;0
1926-05;26.0;1926-05-02;20.6;0;2;0;0
1926-06;30.6;1926-06-13;23.6;0;11;1;0
1926-07;30.4;1926-07-20;25.4;0;20;1;0
1926-08;30.9;1926-08-22;24.5;0;14;1;0
1926-09;29.1;1926-09-07;23.9;0;17;0;0
1926-10;24.6;1926-10-30;18.0;0;0;0;0
1926-11;24.9;1926-11-01;16.7;0;0;0;0
1926-12;10.4;1926-12-02;4.3;5;0;0;0
1927-01;15.0;1927-01-16;6.3;2;0;0;0
1927-02;16.2;1927-02-28;5.8;0;0;0;0
1927-03;21.5;1927-03-22;15.7;0;0;0;0
1927-04;28.6;1927-04-30;17.2;0;2;0;0
1927-05;30.7;1927-05-31;22.0;0;9;1;0
1927-06;36.0;1927-06-03;29.0;0;26;17;3
1927-07;37.8;1927-07-09;30.2;0;28;15;4
1927-08;36.4;1927-08-09;29.6;0;25;17;4
1927-09;32.5;1927-09-23;25.6;0;16;5;0
1927-10;21.6;1927-10-29;17.1;0;0;0;0
1927-11;21.8;1927-11-09;11.2;0;0;0;0
1927-12;7.7;1927-12-07;0.4;10;0;0;0
1928-01;10.2;1928-01-31;2.0;5;0;0;0
1928-02;14.4;1928-02-17;5.6;3;0;0;0
1928-03;20.2;1928-03-31;10.3;0;0;0;0
1928-04;27.5;1928-04-29;18.8;0;2;0;0
1928-05;29.7;1928-05-20;20.3;0;6;0;0
1928-06;35.6;1928-06-11;25.5;0;16;5;2
1928-07;39.2;1928-07-17;32.3;0;31;24;7
1928-08;37.0;1928-08-30;30.0;0;27;15;6
1928-09;34.0;1928-09-09;24.7;0;14;6;0
1928-10;24.9;1928-10-29;17.6;0;0;0;0
1928-11;22.8;1928-11-02;11.8;0;0;0;0
1928-12;12.7;1928-12-12;2.2;8;0;0;0
1929-01;4.6;1929-01-01;-0.1;17;0;0;0
1929-02;6.2;1929-02-26;-4.3;23;0;0;0
1929-03;15.8;1929-03-27;7.8;5;0;0;0
1929-04;24.8;1929-04-30;13.5;0;0;0;0
1929-05;30.1;1929-05-29;24.1;0;15;1;0
1929-06;32.2;1929-06-09;25.5;0;18;5;0
1929-07;35.7;1929-07-24;28.3;0;23;11;2
1929-08;36.2;1929-08-02;29.8;0;28;15;3
1929-09;33.2;1929-09-03;23.9;0;14;7;0
1929-10;27.4;1929-10-06;20.1;0;7;0;0
1929-11;19.0;1929-11-02;11.2;0;0;0;0
1929-12;14.1;1929-12-04;5.7;2;0;0;0
1930-01;11.2;1930-01-28;3.9;7;0;0;0
1930-02;13.8;1930-02-28;7.1;0;0;0;0
1930-03;22.0;1930-03-18;14.7;0;0;0;0
1930-04;27.6;1930-04-26;18.7;0;2;0;0
1930-05;32.4;1930-05-31;21.6;0;8;2;0
1930-06;35.4;1930-06-27;28.8;0;25;14;1
1930-07;35.8;1930-07-24;29.4;0;28;15;2
1930-08;35.0;1930-08-22;27.9;0;25;11;1
1930-09;34.2;1930-09-12;26.2;0;17;7;0
1930-10;23.2;1930-10-09;17.3;0;0;0;0
1930-11;20.0;1930-11-23;13.3;0;0;0;0
1930-12;9.6;1930-12-08;3.5;0;0;0;0
1931-01;11.1;1931-01-04;3.2;6;0;0;0
1931-02;15.0;1931-02-20;5.8;0;0;0;0
1931-03;18.2;1931-03-21;7.9;0;0;0;0
1931-04;21.5;1931-04-26;15.2;0;0;0;0
1931-05;31.2;1931-05-30;25.4;0;18;4;0
1931-06;34.0;1931-06-18;28.1;0;25;10;0
1931-07;37.4;1931-07-15;30.7;0;27;21;5
1931-08;37.4;1931-08-07;28.1;0;23;12;4
1931-09;30.7;1931-09-04;18.4;0;7;1;0
1931-10;24.1;1931-10-07;16.3;0;0;0;0
1931-11;18.2;1931-11-14;9.2;0;0;0;0
1931-12;8.9;1931-12-27;2.7;8;0;0;0
1932-01;5.4;1932-01-04;-0.4;18;0;0;0
1932-02;6.8;1932-02-04;-1.7;20;0;0;0
1932-03;10.4;1932-03-31;3.6;5;0;0;0
1932-04;23.1;1932-04-05;16.0;0;0;0;0
1932-05;30.9;1932-05-22;23.4;0;14;1;0
1932-06;32.4;1932-06-21;24.4;0;12;3;0
1932-07;35.8;1932-07-08;30.2;0;30;17;1
1932-08;34.1;1932-08-02;28.5;0;26;15;0
1932-09;34.0;1932-09-30;28.4;0;24;14;0
1932-10;32.0;1932-10-01;18.5;0;3;1;0
1932-11;14.6;1932-11-05;9.1;0;0;0;0
1932-12;13.6;1932-12-02;3.3;9;0;0;0
1933-01;5.4;1933-01-01;-0.3;14;0;0;0
1933-02;11.4;1933-02-07;5.1;0;0;0;0
1933-03;21.2;1933-03-31;11.9;0;0;0;0
1933-04;22.9;1933-04-30;13.3;0;0;0;0
1933-05;25.2;1933-05-08;20.1;0;1;0;0
1933-06;30.2;1933-06-22;22.6;0;6;1;0
1933-07;36.2;1933-07-29;28.2;0;24;11;2
1933-08;36.8;1933-08-12;27.4;0;19;9;3
1933-09;28.5;1933-09-22;22.9;0;10;0;0
1933-10;26.1;1933-10-01;17.3;0;2;0;0
1933-11;17.0;1933-11-17;10.6;0;0;0;0
1933-12;7.4;1933-12-31;-2.6;22;0;0;0
1934-01;5.6;1934-01-01;0.0;14;0;0;0
1934-02;17.2;1934-02-27;5.1;6;0;0;0
1934-03;22.9;1934-03-26;16.0;0;0;0;0
1934-04;28.0;1934-04-29;20.9;0;11;0;0
1934-05;31.4;1934-05-02;25.8;0;20;3;0
1934-06;33.9;1934-06-26;24.9;0;13;3;0
1934-07;33.8;1934-07-22;27.5;0;25;8;0
1934-08;35.4;1934-08-04;28.8;0;27;11;1
1934-09;27.9;1934-09-25;24.7;0;18;0;0
1934-10;28.8;1934-10-03;18.3;0;6;0;0
1934-11;18.3;1934-11-06;12.1;0;0;0;0
1934-12;14.5;1934-12-16;7.5;0;0;0;0
1935-01;6.2;1935-01-27;-0.9;17;0;0;0
1935-02;14.2;1935-02-28;3.3;7;0;0;0
1935-03;20.8;1935-03-22;9.9;2;0;0;0
1935-04;25.0;1935-04-11;17.0;0;1;0;0
1935-05;29.0;1935-05-27;21.6;0;9;0;0
1935-06;38.8;1935-06-28;28.3;0;23;13;2
1935-07;35.2;1935-07-18;28.5;0;24;11;1
1935-08;36.2;1935-08-14;28.1;0;24;9;1
1935-09;32.1;1935-09-03;24.7;0;17;5;0
1935-10;31.2;1935-10-06;21.7;0;12;1;0
1935-11;18.8;1935-11-01;10.4;0;0;0;0
1935-12;11.6;1935-12-25;6.0;1;0;0;0
1936-01;14.0;1936-01-21;9.5;0;0;0;0
1936-02;15.4;1936-02-29;6.9;2;0;0;0
1936-03;24.0;1936-03-26;15.4;0;0;0;0
1936-04;24.2;1936-04-16;17.5;0;0;0;0
1936-05;29.2;1936-05-31;23.6;0;10;0;0
1936-06;32.0;1936-06-30;26.2;0;18;9;0
1936-07;38.2;1936-07-29;31.2;0;28;22;4
1936-08;31.2;1936-08-20;25.9;0;21;2;0
1936-09;31.2;1936-09-03;22.5;0;13;2;0
1936-10;22.8;1936-10-18;11.8;0;0;0;0
1936-11;18.2;1936-11-09;8.6;6;0;0;0
1936-12;10.7;1936-12-15;3.7;5;0;0;0
1937-01;9.1;1937-01-04;1.3;13;0;0;0
1937-02;17.4;1937-02-28;6.1;0;0;0;0
1937-03;22.0;1937-03-20;13.7;0;0;0;0
1937-04;20.0;1937-04-15;15.6;0;0;0;0
1937-05;32.2;1937-05-21;25.2;0;17;1;0
1937-06;34.0;1937-06-11;27.3;0;21;7;0
1937-07;32.4;1937-07-24;27.5;0;24;11;0
1937-08;33.1;1937-08-14;26.0;0;19;6;0
1937-09;31.0;1937-09-19;25.5;0;19;1;0
1937-10;24.6;1937-10-03;17.9;0;0;0;0
1937-11;19.8;1937-11-02;10.1;0;0;0;0
1937-12;12.4;1937-12-10;4.3;9;0;0;0
1938-01;9.4;1938-01-26;2.6;9;0;0;0
1938-02;11.6;1938-02-28;6.4;0;0;0;0
1938-03;24.4;1938-03-22;14.8;0;0;0;0
1938-04;25.2;1938-04-03;14.5;0;1;0;0
1938-05;29.4;1938-05-17;20.6;0;7;0;0
1938-06;37.0;1938-06-30;28.8;0;24;12;4
1938-07;36.2;1938-07-09;28.8;0;27;13;2
1938-08;36.0;1938-08-03;27.1;0;21;10;4
1938-09;30.3;1938-09-10;22.4;0;6;1;0
1938-10;25.6;1938-10-04;18.2;0;3;0;0
1938-11;16.4;1938-11-08;11.2;0;0;0;0
1938-12;14.6;1938-12-02;2.3;11;0;0;0
1939-01;15.3;1939-01-19;4.6;4;0;0;0
1939-02;14.2;1939-02-12;7.1;0;0;0;0
1939-03;15.5;1939-03-27;8.0;0;0;0;0
1939-04;30.2;1939-04-08;21.2;0;8;1;0
1939-05;27.6;1939-05-19;21.4;0;5;0;0
1939-06;31.6;1939-06-30;26.5;0;23;6;0
1939-07;38.2;1939-07-22;30.1;0;28;17;6
1939-08;37.3;1939-08-06;27.9;0;24;9;3
1939-09;31.5;1939-09-13;23.1;0;14;3;0
1939-10;27.0;1939-10-17;15.0;0;4;0;0
1939-11;16.3;1939-11-10;9.1;0;0;0;0
1939-12;13.2;1939-12-02;3.5;6;0;0;0
1940-01;2.2;1940-01-23;-4.5;27;0;0;0
1940-02;7.6;1940-02-25;-1.0;14;0;0;0
1940-03;17.8;1940-03-26;6.8;3;0;0;0
1940-04;26.6;1940-04-25;16.7;0;6;0;0
1940-05;28.8;1940-05-27;19.3;0;7;0;0
1940-06;30.3;1940-06-16;23.9;0;13;2;0
1940-07;33.1;1940-07-08;26.6;0;23;5;0
1940-08;31.6;1940-08-11;22.9;0;9;2;0
1940-09;28.4;1940-09-24;22.7;0;11;0;0
1940-10;26.0;1940-10-03;17.0;0;2;0;0
1940-11;17.6;1940-11-15;11.7;0;0;0;0
1940-12;6.5;1940-12-08;-2.3;19;0;0;0
1941-01;9.5;1941-01-25;1.0;15;0;0;0
1941-02;13.5;1941-02-18;6.7;1;0;0;0
1941-03;20.7;1941-03-28;10.9;0;0;0;0
1941-04;27.4;1941-04-06;15.9;0;2;0;0
1941-05;28.2;1941-05-28;19.2;0;5;0;0
1941-06;31.2;1941-06-26;24.1;0;13;2;0
1941-07;33.5;1941-07-14;26.2;0;18;3;0
1941-08;34.2;1941-08-17;26.4;0;19;6;0
1941-09;27.0;1941-09-07;19.5;0;2;0;0
1941-10;26.0;1941-10-05;15.3;0;1;0;0
1941-11;13.2;1941-11-04;5.5;4;0;0;0
1941-12;13.0;1941-12-17;4.2;7;0;0;0
1942-01;6.1;1942-01-06;-5.8;27;0;0;0
1942-02;7.8;1942-02-25;-0.1;17;0;0;0
1942-03;19.6;1942-03-28;6.3;1;0;0;0
1942-04;19.5;1942-04-21;14.2;0;0;0;0
1942-05;31.2;1942-05-29;22.0;0;9;1;0
1942-06;33.4;1942-06-12;25.5;0;17;4;0
1942-07;36.3;1942-07-11;28.1;0;23;11;1
1942-08;36.2;1942-08-04;28.3;0;26;14;1
1942-09;33.5;1942-09-01;28.0;0;24;8;0
1942-10;30.4;1942-10-01;19.7;0;7;1;0
1942-11;20.2;1942-11-05;7.8;2;0;0;0
1942-12;12.1;1942-12-20;5.6;1;0;0;0
1943-01;3.7;1943-01-03;-1.1;18;0;0;0
1943-02;15.0;1943-02-24;8.3;0;0;0;0
1943-03;19.6;1943-03-28;13.2;0;0;0;0
1943-04;29.7;1943-04-19;19.1;0;5;0;0
1943-05;29.3;1943-05-16;20.4;0;4;0;0
1943-06;31.8;1943-06-24;24.0;0;9;1;0
1943-07;36.3;1943-07-20;28.6;0;24;15;2
1943-08;38.2;1943-08-21;31.7;0;29;20;6
1943-09;33.0;1943-09-15;25.9;0;19;5;0
1943-10;28.5;1943-10-02;20.4;0;7;0;0
1943-11;15.0;1943-11-03;9.0;0;0;0;0
1943-12;9.0;1943-12-07;4.3;2;0;0;0
1944-01;12.4;1944-01-31;4.9;1;0;0;0
1944-02;14.2;1944-02-01;2.7;10;0;0;0
1944-03;10.5;1944-03-01;5.9;0;0;0;0
1944-04;24.9;1944-04-19;17.0;0;0;0;0
1944-05;30.1;1944-05-31;20.7;0;4;1;0
1944-06;31.1;1944-06-07;26.1;0;18;4;0
1944-07;31.5;1944-07-09;26.4;0;22;3;0
1944-08;35.0;1944-08-31;29.0;0;29;15;1
1944-09;35.0;1944-09-03;23.9;0;9;4;1
1944-10;26.4;1944-10-10;18.7;0;3;0;0
1944-11;17.6;1944-11-01;9.0;0;0;0;0
1944-12;15.0;1944-12-09;3.8;9;0;0;0
1945-01;11.0;1945-01-11;0.6;12;0;0;0
1945-02;14.5;1945-02-28;5.4;1;0;0;0
1945-03;21.6;1945-03-27;12.1;1;0;0;0
1945-04;25.3;1945-04-03;17.6;0;1;0;0
1945-05;33.5;1945-05-14;26.1;0;19;8;0
1945-06;34.0;1945-06-08;27.3;0;23;10;0
1945-07;35.7;1945-07-28;28.5;0;27;11;2
1945-08;34.4;1945-08-09;27.8;0;23;8;0
1945-09;30.0;1945-09-19;22.9;0;13;1;0
1945-10;23.3;1945-10-25;16.5;0;0;0;0
1945-11;20.5;1945-11-01;8.5;0;0;0;0
1945-12;13.0;1945-12-22;5.5;3;0;0;0
1946-01;15.0;1946-01-12;1.2;15;0;0;0
1946-02;18.0;1946-02-28;6.6;1;0;0;0
1946-03;24.5;1946-03-31;15.4;0;0;0;0
1946-04;28.0;1946-04-29;21.3;0;8;0;0
1946-05;30.6;1946-05-30;25.7;0;21;1;0
1946-06;35.0;1946-06-09;28.7;0;23;14;1
1946-07;37.5;1946-07-28;30.8;0;26;20;7
1946-08;38.8;1946-08-13;31.6;0;29;21;11
1946-09;38.2;1946-09-09;27.8;0;22;6;4
1946-10;22.6;1946-10-02;12.6;0;0;0;0
1946-11;16.6;1946-11-01;9.6;0;0;0;0
1946-12;10.0;1946-12-02;2.3;12;0;0;0
1947-01;5.4;1947-01-15;-4.0;24;0;0;0
1947-02;10.2;1947-02-12;1.5;10;0;0;0
1947-03;23.6;1947-03-25;13.3;0;0;0;0
1947-04;28.6;1947-04-28;20.4;0;8;0;0
1947-05;29.8;1947-05-03;25.1;0;20;0;0
1947-06;34.6;1947-06-29;27.6;0;21;12;0
1947-07;35.5;1947-07-08;30.0;0;29;17;4
1947-08;37.5;1947-08-06;28.7;0;27;10;1
1947-09;34.2;1947-09-17;28.7;0;26;9;0
1947-10;27.4;1947-10-07;16.5;0;3;0;0
1947-11;19.4;1947-11-13;11.2;0;0;0;0
1947-12;15.2;1947-12-02;5.3;5;0;0;0
1948-01;12.8;1948-01-13;8.6;1;0;0;0
1948-02;12.4;1948-02-01;5.2;2;0;0;0
1948-03;23.3;1948-03-22;13.3;0;0;0;0
1948-04;26.5;1948-04-21;19.6;0;1;0;0
1948-05;31.1;1948-05-14;25.2;0;20;2;0
1948-06;33.7;1948-06-19;25.5;0;18;5;0
1948-07;35.6;1948-07-24;27.3;0;17;12;2
1948-08;37.6;1948-08-10;28.6;0;22;13;3
1948-09;31.8;1948-09-05;24.3;0;14;2;0
1948-10;25.6;1948-10-04;18.1;0;1;0;0
1948-11;16.3;1948-11-05;6.3;3;0;0;0
1948-12;6.8;1948-12-31;-1.0;23;0;0;0
1949-01;14.2;1949-01-04;5.2;2;0;0;0
1949-02;15.4;1949-02-27;7.4;3;0;0;0
1949-03;20.2;1949-03-27;8.3;2;0;0;0
1949-04;27.0;1949-04-25;19.5;0;4;0;0
1949-05;29.5;1949-05-30;22.9;0;11;0;0
1949-06;32.9;1949-06-10;22.7;0;8;4;0
1949-07;33.2;1949-07-29;26.6;0;21;7;0
1949-08;33.3;1949-08-02;25.8;0;21;9;0
1949-09;31.0;1949-09-03;24.3;0;9;1;0
1949-10;24.4;1949-10-01;18.5;0;0;0;0
1949-11;17.0;1949-11-21;11.1;0;0;0;0
1949-12;13.3;1949-12-09;6.2;0;0;0;0
1950-01;8.4;1950-01-09;0.7;16;0;0;0
1950-02;14.1;1950-02-26;5.6;5;0;0;0
1950-03;18.3;1950-03-29;12.7;0;0;0;0
1950-04;30.7;1950-04-21;18.8;0;2;1;0
1950-05;33.7;1950-05-26;24.8;0;13;4;0
1950-06;35.9;1950-06-30;27.8;0;24;7;1
1950-07;38.7;1950-07-01;30.5;0;29;17;6
1950-08;38.2;1950-08-28;30.2;0;27;16;5
1950-09;32.4;1950-09-12;23.9;0;11;5;0
1950-10;24.6;1950-10-01;15.4;0;0;0;0
1950-11;17.0;1950-11-14;9.7;0;0;0;0
1950-12;14.9;1950-12-08;6.9;0;0;0;0
1951-01;12.3;1951-01-12;5.8;0;0;0;0
1951-02;14.7;1951-02-13;8.7;0;0;0;0
1951-03;20.0;1951-03-18;11.7;0;0;0;0
1951-04;22.6;1951-04-30;16.9;0;0;0;0
1951-05;30.6;1951-05-28;21.7;0;5;1;0
1951-06;32.4;1951-06-19;25.6;0;15;6;0
1951-07;33.8;1951-07-16;27.9;0;23;9;0
1951-08;35.3;1951-08-09;28.9;0;27;9;1
1951-09;30.7;1951-09-06;24.7;0;16;5;0
1951-10;22.0;1951-10-01;15.9;0;0;0;0
1951-11;21.0;1951-11-11;13.1;0;0;0;0
1951-12;11.3;1951-12-07;5.2;4;0;0;0
1952-01;10.0;1952-01-26;4.1;0;0;0;0
1952-02;10.5;1952-02-22;3.9;2;0;0;0
1952-03;22.3;1952-03-30;9.1;2;0;0;0
1952-04;27.5;1952-04-23;21.5;0;13;0;0
1952-05;30.3;1952-05-05;21.9;0;12;1;0
1952-06;33.6;1952-06-19;27.3;0;23;8;0
1952-07;37.8;1952-07-15;31.3;0;29;20;4
1952-08;39.7;1952-08-15;32.3;0;28;22;7
1952-09;32.6;1952-09-06;22.7;0;8;3;0
1952-10;27.0;1952-10-01;16.0;0;1;0;0
1952-11;13.3;1952-11-19;8.5;0;0;0;0
1952-12;13.0;1952-12-01;3.8;6;0;0;0
1953-01;11.1;1953-01-29;3.2;7;0;0;0
1953-02;11.6;1953-02-23;3.9;6;0;0;0
1953-03;22.7;1953-03-30;11.3;1;0;0;0
1953-04;23.2;1953-04-06;17.5;0;0;0;0
1953-05;29.8;1953-05-25;20.3;0;8;0;0
1953-06;30.6;1953-06-24;25.4;0;19;1;0
1953-07;33.7;1953-07-27;29.1;0;29;10;0
1953-08;32.1;1953-08-22;26.4;0;20;3;0
1953-09;29.6;1953-09-28;24.8;0;19;0;0
1953-10;27.4;1953-10-16;19.4;0;7;0;0
1953-11;15.9;1953-11-30;8.4;0;0;0;0
1953-12;16.3;1953-12-01;4.0;5;0;0;0
1954-01;5.0;1954-01-17;-3.7;24;0;0;0
1954-02;4.8;1954-02-28;-3.5;21;0;0;0
1954-03;18.2;1954-03-19;10.4;0;0;0;0
1954-04;20.5;1954-04-01;14.3;0;0;0;0
1954-05;27.5;1954-05-31;21.0;0;3;0;0
1954-06;29.8;1954-06-27;26.4;0;23;0;0
1954-07;31.8;1954-07-01;25.4;0;15;4;0
1954-08;36.2;1954-08-15;27.6;0;23;11;1
1954-09;32.0;1954-09-15;25.1;0;20;4;0
1954-10;25.0;1954-10-19;16.2;0;1;0;0
1954-11;16.8;1954-11-07;8.5;1;0;0;0
1954-12;13.8;1954-12-12;6.8;1;0;0;0
1955-01;12.9;1955-01-12;2.9;9;0;0;0
1955-02;16.0;1955-02-18;6.4;2;0;0;0
1955-03;23.3;1955-03-26;7.5;3;0;0;0
1955-04;25.0;1955-04-30;12.8;0;1;0;0
1955-05;27.7;1955-05-02;21.5;0;9;0;0
1955-06;31.7;1955-06-20;24.9;0;15;2;0
1955-07;31.7;1955-07-20;25.6;0;19;3;0
1955-08;28.7;1955-08-23;24.8;0;19;0;0
1955-09;28.6;1955-09-09;23.0;0;11;0;0
1955-10;24.4;1955-10-22;16.8;0;0;0;0
1955-11;14.6;1955-11-09;8.3;0;0;0;0
1955-12;13.2;1955-12-08;6.1;0;0;0;0
1956-01;14.6;1956-01-22;4.6;5;0;0;0
1956-02;3.5;1956-02-29;-4.9;24;0;0;0
1956-03;18.3;1956-03-31;5.2;3;0;0;0
1956-04;26.1;1956-04-16;16.8;0;3;0;0
1956-05;26.4;1956-05-08;20.9;0;4;0;0
1956-06;29.4;1956-06-12;23.9;0;11;0;0
1956-07;32.9;1956-07-30;27.3;0;26;3;0
1956-08;35.7;1956-08-21;28.7;0;27;10;2
1956-09;33.2;1956-09-03;24.8;0;14;4;0
1956-10;28.6;1956-10-03;17.8;0;3;0;0
1956-11;15.5;1956-11-13;5.3;6;0;0;0
1956-12;11.0;1956-12-05;3.1;10;0;0;0
1957-01;7.4;1957-01-09;0.1;14;0;0;0
1957-02;14.1;1957-02-15;8.8;0;0;0;0
1957-03;24.0;1957-03-24;13.6;0;0;0;0
1957-04;27.0;1957-04-29;17.6;0;3;0;0
1957-05;25.4;1957-05-18;18.2;0;3;0;0
1957-06;34.0;1957-06-24;27.4;0;24;7;0
1957-07;36.4;1957-07-08;28.1;0;24;10;3
1957-08;38.4;1957-08-14;26.9;0;20;8;3
1957-09;28.6;1957-09-09;22.7;0;11;0;0
1957-10;23.3;1957-10-20;17.0;0;0;0;0
1957-11;19.2;1957-11-07;10.9;0;0;0;0
1957-12;16.3;1957-12-13;2.7;14;0;0;0
1958-01;9.7;1958-01-20;1.1;15;0;0;0
1958-02;18.2;1958-02-13;8.5;3;0;0;0
1958-03;17.6;1958-03-30;5.9;1;0;0;0
1958-04;20.6;1958-04-27;13.4;0;0;0;0
1958-05;32.7;1958-05-27;26.6;0;21;8;0
1958-06;30.0;1958-06-03;24.3;0;14;1;0
1958-07;36.0;1958-07-17;28.9;0;27;13;3
1958-08;35.1;1958-08-02;28.8;0;26;10;3
1958-09;29.5;1958-09-09;23.9;0;11;0;0
1958-10;25.6;1958-10-07;16.9;0;1;0;0
1958-11;17.7;1958-11-12;9.6;0;0;0;0
1958-12;16.7;1958-12-17;7.7;1;0;0;0
1959-01;10.2;1959-01-01;2.6;5;0;0;0
1959-02;15.2;1959-02-28;3.7;8;0;0;0
1959-03;21.7;1959-03-25;13.9;0;0;0;0
1959-04;21.9;1959-04-05;16.6;0;0;0;0
1959-05;28.6;1959-05-21;21.5;0;3;0;0
1959-06;29.5;1959-06-19;24.6;0;18;0;0
1959-07;34.5;1959-07-12;27.9;0;24;10;0
1959-08;30.6;1959-08-25;26.3;0;18;4;0
1959-09;27.3;1959-09-22;22.0;0;5;0;0
1959-10;24.6;1959-10-08;17.3;0;0;0;0
1959-11;14.6;1959-11-13;9.2;0;0;0;0
1959-12;15.2;1959-12-02;7.0;0;0;0;0
1960-01;7.1;1960-01-03;0.4;13;0;0;0
1960-02;13.6;1960-02-29;4.5;8;0;0;0
1960-03;20.0;1960-03-28;10.9;1;0;0;0
1960-04;23.4;1960-04-12;16.4;0;0;0;0
1960-05;30.3;1960-05-19;20.6;0;5;1;0
1960-06;30.0;1960-06-10;26.6;0;24;1;0
1960-07;35.4;1960-07-20;26.8;0;19;9;1
1960-08;34.4;1960-08-27;27.7;0;25;8;0
1960-09;30.0;1960-09-05;22.0;0;9;1;0
1960-10;24.0;1960-10-29;18.2;0;0;0;0
1960-11;18.9;1960-11-05;11.4;0;0;0;0
1960-12;16.3;1960-12-09;8.1;0;0;0;0
1961-01;12.4;1961-01-03;2.9;7;0;0;0
1961-02;10.9;1961-02-19;6.1;0;0;0;0
1961-03;21.3;1961-03-18;14.7;0;0;0;0
1961-04;27.2;1961-04-08;20.2;0;3;0;0
1961-05;26.5;1961-05-28;19.7;0;1;0;0
1961-06;33.9;1961-06-27;26.2;0;16;5;0
1961-07;33.5;1961-07-13;26.9;0;22;6;0
1961-08;37.5;1961-08-12;28.0;0;23;9;4
1961-09;33.3;1961-09-19;26.5;0;19;4;0
1961-10;27.1;1961-10-01;20.0;0;2;0;0
1961-11;20.0;1961-11-04;11.3;0;0;0;0
1961-12;16.4;1961-12-04;3.2;11;0;0;0
1962-01;10.2;1962-01-26;3.6;6;0;0;0
1962-02;7.0;1962-02-17;2.4;5;0;0;0
1962-03;15.9;1962-03-05;4.5;5;0;0;0
1962-04;26.9;1962-04-26;18.2;0;6;0;0
1962-05;28.6;1962-05-09;22.7;0;15;0;0
1962-06;34.4;1962-06-25;24.7;0;15;10;0
1962-07;34.0;1962-07-27;25.5;0;17;6;0
1962-08;34.4;1962-08-07;29.5;0;28;15;0
1962-09;31.9;1962-09-05;22.8;0;10;4;0
1962-10;25.0;1962-10-01;19.1;0;1;0;0
1962-11;20.6;1962-11-01;10.3;1;0;0;0
1962-12;7.4;1962-12-16;0.6;15;0;0;0
1963-01;7.6;1963-01-06;-4.4;21;0;0;0
1963-02;4.3;1963-02-19;-0.4;13;0;0;0
1963-03;19.4;1963-03-12;8.7;2;0;0;0
1963-04;25.2;1963-04-23;18.2;0;3;0;0
1963-05;28.0;1963-05-27;22.9;0;13;0;0
1963-06;35.3;1963-06-30;26.6;0;17;7;1
1963-07;34.5;1963-07-01;29.5;0;27;15;0
1963-08;34.7;1963-08-15;29.1;0;27;14;0
1963-09;31.1;1963-09-05;24.6;0;15;3;0
1963-10;25.8;1963-10-03;17.2;0;2;0;0
1963-11;24.7;1963-11-04;16.0;0;0;0;0
1963-12;5.3;1963-12-01;-1.1;21;0;0;0
1964-01;2.7;1964-01-27;-5.7;25;0;0;0
1964-02;5.8;1964-02-19;2.0;7;0;0;0
1964-03;20.8;1964-03-31;6.9;3;0;0;0
1964-04;24.6;1964-04-21;17.7;0;0;0;0
1964-05;27.1;1964-05-14;21.0;0;4;0;0
1964-06;32.0;1964-06-22;28.9;0;28;11;0
1964-07;34.0;1964-07-21;27.8;0;25;9;0
1964-08;31.2;1964-08-29;26.0;0;21;4;0
1964-09;29.4;1964-09-06;22.4;0;7;0;0
1964-10;24.3;1964-10-12;17.1;0;0;0;0
1964-11;15.7;1964-11-29;10.6;0;0;0;0
1964-12;9.7;1964-12-19;3.3;5;0;0;0
1965-01;13.8;1965-01-31;2.7;2;0;0;0
1965-02;10.6;1965-02-01;0.5;13;0;0;0
1965-03;16.6;1965-03-16;11.2;0;0;0;0
1965-04;20.3;1965-04-04;14.2;0;0;0;0
1965-05;29.1;1965-05-19;19.9;0;4;0;0
1965-06;33.7;1965-06-27;24.7;0;12;4;0
1965-07;31.6;1965-07-16;27.0;0;24;8;0
1965-08;32.2;1965-08-08;25.1;0;15;4;0
1965-09;28.7;1965-09-03;24.6;0;16;0;0
1965-10;28.8;1965-10-01;18.1;0;4;0;0
1965-11;17.4;1965-11-01;7.1;3;0;0;0
1965-12;12.2;1965-12-19;5.7;0;0;0;0
1966-01;8.8;1966-01-02;-1.2;21;0;0;0
1966-02;20.1;1966-02-22;10.8;0;0;0;0
1966-03;16.4;1966-03-24;10.3;0;0;0;0
1966-04;24.5;1966-04-26;18.9;0;0;0;0
1966-05;29.1;1966-05-05;22.2;0;9;0;0
1966-06;30.3;1966-06-18;24.9;0;14;1;0
1966-07;32.0;1966-07-18;26.5;0;21;4;0
1966-08;32.2;1966-08-18;26.3;0;21;6;0
1966-09;29.6;1966-09-13;23.3;0;8;0;0
1966-10;27.1;1966-10-12;21.8;0;9;0;0
1966-11;17.5;1966-11-05;8.5;3;0;0;0
1966-12;11.5;1966-12-02;4.1;2;0;0;0
1967-01;4.6;1967-01-14;-0.8;14;0;0;0
1967-02;16.5;1967-02-27;4.9;5;0;0;0
1967-03;20.5;1967-03-11;12.7;0;0;0;0
1967-04;23.0;1967-04-13;16.0;0;0;0;0
1967-05;28.0;1967-05-15;22.4;0;8;0;0
1967-06;34.6;1967-06-27;25.1;0;16;7;0
1967-07;33.7;1967-07-23;29.6;0;31;14;0
1967-08;35.0;1967-08-05;28.3;0;26;9;1
1967-09;30.9;1967-09-07;25.1;0;14;4;0
1967-10;26.1;1967-10-03;20.7;0;3;0;0
1967-11;20.6;1967-11-16;10.7;0;0;0;0
1967-12;9.2;1967-12-06;2.8;7;0;0;0
1968-01;9.4;1968-01-17;1.3;8;0;0;0
1968-02;15.7;1968-02-23;7.5;0;0;0;0
1968-03;25.0;1968-03-31;11.9;0;1;0;0
1968-04;28.2;1968-04-24;20.1;0;7;0;0
1968-05;33.8;1968-05-12;23.7;0;12;4;0
1968-06;34.9;1968-06-29;27.7;0;24;8;0
1968-07;37.2;1968-07-09;27.9;0;21;10;3
1968-08;29.4;1968-08-17;24.9;0;17;0;0
1968-09;29.7;1968-09-16;22.0;0;8;0;0
1968-10;25.5;1968-10-14;17.7;0;1;0;0
1968-11;20.8;1968-11-01;11.2;0;0;0;0
1968-12;11.1;1968-12-18;1.4;14;0;0;0
1969-01;9.8;1969-01-17;-0.5;17;0;0;0
1969-02;11.0;1969-02-02;2.6;5;0;0;0
1969-03;18.3;1969-03-14;7.9;0;0;0;0
1969-04;26.4;1969-04-30;16.2;0;2;0;0
1969-05;30.7;1969-05-16;24.4;0;15;4;0
1969-06;28.7;1969-06-19;23.8;0;11;0;0
1969-07;32.2;1969-07-27;26.8;0;22;7;0
1969-08;32.0;1969-08-14;25.5;0;16;5;0
1969-09;28.7;1969-09-03;23.6;0;11;0;0
1969-10;22.4;1969-10-01;18.2;0;0;0;0
1969-11;20.5;1969-11-14;13.7;0;0;0;0
1969-12;2.8;1969-12-01;-0.5;14;0;0;0
1970-01;7.6;1970-01-16;1.0;12;0;0;0
1970-02;12.1;1970-02-09;3.4;5;0;0;0
1970-03;19.4;1970-03-25;9.1;2;0;0;0
1970-04;25.8;1970-04-26;16.2;0;1;0;0
1970-05;25.2;1970-05-08;19.4;0;2;0;0
1970-06;30.4;1970-06-23;25.0;0;16;2;0
1970-07;32.1;1970-07-24;26.3;0;22;7;0
1970-08;32.5;1970-08-07;26.2;0;18;6;0
1970-09;31.0;1970-09-11;21.6;0;9;1;0
1970-10;25.3;1970-10-11;15.6;0;1;0;0
1970-11;20.6;1970-11-03;12.5;0;0;0;0
1970-12;12.5;1970-12-01;3.9;4;0;0;0
1971-01;13.0;1971-01-31;2.2;16;0;0;0
1971-02;13.9;1971-02-16;6.8;2;0;0;0
1971-03;20.5;1971-03-20;7.7;7;0;0;0
1971-04;24.0;1971-04-23;17.3;0;0;0;0
1971-05;30.4;1971-05-20;24.8;0;18;3;0
1971-06;30.0;1971-06-27;25.1;0;17;1;0
1971-07;32.9;1971-07-28;27.2;0;22;7;0
1971-08;35.7;1971-08-07;29.3;0;30;15;1
1971-09;27.5;1971-09-05;20.8;0;3;0;0
1971-10;24.3;1971-10-04;16.3;0;0;0;0
1971-11;19.1;1971-11-10;9.3;2;0;0;0
1971-12;12.7;1971-12-22;5.5;1;0;0;0
1972-01;8.0;1972-01-30;3.1;6;0;0;0
1972-02;15.4;1972-02-12;8.5;0;0;0;0
1972-03;22.0;1972-03-09;15.4;0;0;0;0
1972-04;26.2;1972-04-12;18.4;0;1;0;0
1972-05;30.4;1972-05-16;22.9;0;10;1;0
1972-06;31.4;1972-06-12;27.1;0;22;5;0
1972-07;32.0;1972-07-15;27.5;0;21;8;0
1972-08;34.4;1972-08-16;25.2;0;13;8;0
1972-09;26.0;1972-09-08;19.6;0;5;0;0
1972-10;22.7;1972-10-12;13.7;0;0;0;0
1972-11;17.4;1972-11-07;10.2;0;0;0;0
1972-12;13.4;1972-12-03;4.5;4;0;0;0
1973-01;7.0;1973-01-02;2.4;7;0;0;0
1973-02;13.0;1973-02-09;6.4;0;0;0;0
1973-03;20.5;1973-03-25;11.1;0;0;0;0
1973-04;27.6;1973-04-10;15.2;0;1;0;0
1973-05;33.1;1973-05-06;23.8;0;16;1;0
1973-06;31.7;1973-06-29;24.9;0;15;3;0
1973-07;33.7;1973-07-17;27.2;0;23;7;0
1973-08;31.6;1973-08-20;27.1;0;27;6;0
1973-09;32.1;1973-09-08;24.8;0;16;7;0
1973-10;25.5;1973-10-02;16.7;0;1;0;0
1973-11;21.0;1973-11-06;8.6;2;0;0;0
1973-12;10.1;1973-12-25;3.2;8;0;0;0
1974-01;10.6;1974-01-20;4.3;1;0;0;0
1974-02;17.3;1974-02-16;10.7;0;0;0;0
1974-03;25.7;1974-03-21;14.6;0;3;0;0
1974-04;24.4;1974-04-30;16.3;0;0;0;0
1974-05;28.5;1974-05-31;20.0;0;5;0;0
1974-06;30.4;1974-06-27;22.7;0;8;1;0
1974-07;32.8;1974-07-14;25.9;0;15;7;0
1974-08;34.6;1974-08-03;28.6;0;27;12;0
1974-09;29.6;1974-09-03;23.8;0;15;0;0
1974-10;18.5;1974-10-12;12.0;0;0;0;0
1974-11;17.2;1974-11-16;10.0;0;0;0;0
1974-12;14.0;1974-12-29;5.8;2;0;0;0
1975-01;13.1;1975-01-06;6.3;0;0;0;0
1975-02;13.9;1975-02-13;6.1;0;0;0;0
1975-03;23.3;1975-03-31;15.4;0;0;0;0
1975-04;26.3;1975-04-06;16.2;0;1;0;0
1975-05;28.6;1975-05-20;23.7;0;13;0;0
1975-06;31.7;1975-06-24;24.6;0;17;4;0
1975-07;31.6;1975-07-15;27.0;0;26;3;0
1975-08;31.0;1975-08-11;26.0;0;22;2;0
1975-09;30.5;1975-09-16;25.7;0;21;1;0
1975-10;27.1;1975-10-01;16.0;0;2;0;0
1975-11;15.0;1975-11-03;7.8;1;0;0;0
1975-12;10.5;1975-12-01;4.9;1;0;0;0
1976-01;13.7;1976-01-13;3.6;8;0;0;0
1976-02;12.0;1976-02-29;2.7;9;0;0;0
1976-03;17.1;1976-03-31;7.4;4;0;0;0
1976-04;24.8;1976-04-04;17.6;0;0;0;0
1976-05;26.7;1976-05-20;21.5;0;5;0;0
1976-06;32.0;1976-06-21;24.2;0;14;3;0
1976-07;33.9;1976-07-21;28.5;0;29;8;0
1976-08;28.1;1976-08-29;24.5;0;15;0;0
1976-09;30.5;1976-09-14;21.1;0;6;1;0
1976-10;27.7;1976-10-03;17.9;0;5;0;0
1976-11;20.6;1976-11-05;11.1;0;0;0;0
1976-12;12.7;1976-12-08;4.0;9;0;0;0
1977-01;13.0;1977-01-30;4.4;4;0;0;0
1977-02;16.8;1977-02-25;9.3;0;0;0;0
1977-03;26.1;1977-03-24;14.7;0;1;0;0
1977-04;25.0;1977-04-30;14.5;0;1;0;0
1977-05;29.2;1977-05-20;22.1;0;8;0;0
1977-06;32.7;1977-06-14;26.3;0;22;5;0
1977-07;33.4;1977-07-31;27.5;0;25;6;0
1977-08;31.7;1977-08-10;26.2;0;20;3;0
1977-09;29.8;1977-09-05;20.7;0;11;0;0
1977-10;25.8;1977-10-08;18.8;0;3;0;0
1977-11;21.5;1977-11-12;9.9;1;0;0;0
1977-12;8.7;1977-12-25;0.5;18;0;0;0
1978-01;8.6;1978-01-25;3.2;6;0;0;0
1978-02;16.6;1978-02-28;3.8;7;0;0;0
1978-03;20.5;1978-03-30;12.7;0;0;0;0
1978-04;22.4;1978-04-30;15.7;0;0;0;0
1978-05;27.8;1978-05-01;19.2;0;2;0;0
1978-06;29.5;1978-06-24;24.5;0;17;0;0
1978-07;30.5;1978-07-18;25.8;0;19;2;0
1978-08;32.4;1978-08-08;25.6;0;15;5;0
1978-09;28.1;1978-09-11;20.5;0;4;0;0
1978-10;25.3;1978-10-03;17.2;0;1;0;0
1978-11;12.5;1978-11-01;3.5;4;0;0;0
1978-12;12.9;1978-12-29;4.8;6;0;0;0
1979-01;10.7;1979-01-29;1.2;14;0;0;0
1979-02;12.6;1979-02-15;6.1;0;0;0;0
1979-03;22.1;1979-03-15;14.3;0;0;0;0
1979-04;22.0;1979-04-15;15.7;0;0;0;0
1979-05;31.6;1979-05-20;23.6;0;15;3;0
1979-06;32.2;1979-06-02;27.7;0;24;10;0
1979-07;31.5;1979-07-31;24.8;0;12;5;0
1979-08;35.3;1979-08-03;25.6;0;16;4;1
1979-09;29.2;1979-09-19;24.5;0;16;0;0
1979-10;26.2;1979-10-16;16.0;0;4;0;0
1979-11;16.0;1979-11-16;8.9;0;0;0;0
1979-12;13.5;1979-12-01;7.7;0;0;0;0
1980-01;10.6;1980-01-31;-1.4;19;0;0;0
1980-02;11.6;1980-02-07;4.4;2;0;0;0
1980-03;21.2;1980-03-29;10.2;0;0;0;0
1980-04;21.5;1980-04-02;13.4;0;0;0;0
1980-05;24.5;1980-05-27;18.7;0;0;0;0
1980-06;31.4;1980-06-15;24.2;0;12;3;0
1980-07;33.6;1980-07-16;26.6;0;22;7;0
1980-08;34.4;1980-08-05;27.2;0;22;7;0
1980-09;27.6;1980-09-22;22.6;0;7;0;0
1980-10;26.4;1980-10-08;17.6;0;2;0;0
1980-11;16.2;1980-11-17;8.3;0;0;0;0
1980-12;10.6;1980-12-24;3.2;6;0;0;0
1981-01;10.5;1981-01-04;0.7;14;0;0;0
1981-02;12.6;1981-02-09;4.8;2;0;0;0
1981-03;22.5;1981-03-26;14.2;0;0;0;0
1981-04;23.6;1981-04-13;17.1;0;0;0;0
1981-05;30.5;1981-05-27;22.4;0;8;1;0
1981-06;33.6;1981-06-04;26.4;0;19;6;0
1981-07;32.2;1981-07-18;26.6;0;20;6;0
1981-08;36.0;1981-08-03;26.7;0;20;8;1
1981-09;30.9;1981-09-23;23.4;0;11;1;0
1981-10;26.7;1981-10-06;18.8;0;2;0;0
1981-11;19.9;1981-11-02;8.6;0;0;0;0
1981-12;10.5;1981-12-09;2.8;4;0;0;0
1982-01;11.0;1982-01-06;-0.3;21;0;0;0
1982-02;7.5;1982-02-08;2.4;5;0;0;0
1982-03;20.1;1982-03-28;10.3;0;0;0;0
1982-04;22.1;1982-04-08;13.5;0;0;0;0
1982-05;28.9;1982-05-19;24.1;0;15;0;0
1982-06;33.4;1982-06-26;26.4;0;19;7;0
1982-07;32.8;1982-07-21;27.1;0;21;10;0
1982-08;31.4;1982-08-14;26.9;0;22;5;0
1982-09;32.6;1982-09-07;27.2;0;25;3;0
1982-10;24.8;1982-10-01;18.4;0;0;0;0
1982-11;15.6;1982-11-13;9.8;0;0;0;0
1982-12;15.5;1982-12-10;6.4;2;0;0;0
1983-01;14.6;1983-01-28;7.3;1;0;0;0
1983-02;15.4;1983-02-11;4.5;4;0;0;0
1983-03;24.9;1983-03-25;14.0;0;0;0;0
1983-04;28.0;1983-04-29;20.1;0;9;0;0
1983-05;32.6;1983-05-15;24.9;0;15;8;0
1983-06;31.3;1983-06-05;25.5;0;18;6;0
1983-07;37.3;1983-07-28;29.7;0;29;16;1
1983-08;33.0;1983-08-01;27.9;0;25;10;0
1983-09;33.7;1983-09-11;24.0;0;11;2;0
1983-10;27.6;1983-10-05;17.5;0;2;0;0
1983-11;15.0;1983-11-04;6.7;2;0;0;0
1983-12;13.0;1983-12-26;3.6;11;0;0;0
1984-01;13.0;1984-01-02;3.1;4;0;0;0
1984-02;9.8;1984-02-29;3.8;7;0;0;0
1984-03;21.0;1984-03-29;10.2;0;0;0;0
1984-04;23.5;1984-04-16;16.9;0;0;0;0
1984-05;28.8;1984-05-20;21.6;0;10;0;0
1984-06;30.1;1984-06-21;24.1;0;11;1;0
1984-07;35.3;1984-07-13;25.3;0;15;6;1
1984-08;33.6;1984-08-05;26.8;0;20;5;0
1984-09;30.6;1984-09-05;24.3;0;12;3;0
1984-10;26.9;1984-10-01;19.0;0;2;0;0
1984-11;18.9;1984-11-07;10.1;0;0;0;0
1984-12;10.8;1984-12-19;2.2;12;0;0;0
1985-01;10.0;1985-01-24;-3.1;22;0;0;0
1985-02;11.7;1985-02-02;-1.1;20;0;0;0
1985-03;20.4;1985-03-31;9.2;1;0;0;0
1985-04;24.7;1985-04-05;17.7;0;0;0;0
1985-05;29.6;1985-05-14;23.4;0;11;0;0
1985-06;30.2;1985-06-06;22.6;0;5;2;0
1985-07;35.1;1985-07-29;27.9;0;22;10;1
1985-08;34.8;1985-08-06;28.2;0;26;12;0
1985-09;31.0;1985-09-22;23.7;0;11;1;0
1985-10;28.1;1985-10-04;16.8;0;7;0;0
1985-11;15.5;1985-11-04;7.6;0;0;0;0
1985-12;15.5;1985-12-06;9.0;1;0;0;0
1986-01;12.0;1986-01-23;3.7;6;0;0;0
1986-02;7.9;1986-02-01;-0.1;14;0;0;0
1986-03;21.2;1986-03-29;8.5;1;0;0;0
1986-04;29.5;1986-04-25;20.8;0;9;0;0
1986-05;29.3;1986-05-28;25.1;0;16;0;0
1986-06;31.6;1986-06-16;25.0;0;16;7;0
1986-07;31.5;1986-07-06;26.4;0;20;5;0
1986-08;34.4;1986-08-18;29.1;0;27;17;0
1986-09;32.8;1986-09-17;25.0;0;14;4;0
1986-10;26.6;1986-10-03;18.1;0;1;0;0
1986-11;17.5;1986-11-16;10.7;0;0;0;0
1986-12;9.7;1986-12-30;1.2;11;0;0;0
1987-01;10.9;1987-01-01;-0.9;16;0;0;0
1987-02;13.5;1987-02-21;4.6;5;0;0;0
1987-03;18.1;1987-03-28;5.3;9;0;0;0
1987-04;25.1;1987-04-26;16.8;0;1;0;0
1987-05;25.9;1987-05-03;20.3;0;3;0;0
1987-06;34.0;1987-06-15;26.1;0;16;4;0
1987-07;35.9;1987-07-23;29.7;0;27;16;3
1987-08;31.5;1987-08-25;25.2;0;18;1;0
1987-09;35.1;1987-09-14;27.3;0;25;10;1
1987-10;26.2;1987-10-07;18.6;0;2;0;0
1987-11;17.5;1987-11-26;10.1;0;0;0;0
1987-12;13.9;1987-12-29;5.2;6;0;0;0
1988-01;13.8;1988-01-07;6.4;1;0;0;0
1988-02;14.5;1988-02-07;7.8;0;0;0;0
1988-03;18.2;1988-03-31;10.0;0;0;0;0
1988-04;22.2;1988-04-21;16.6;0;0;0;0
1988-05;27.1;1988-05-31;22.6;0;9;0;0
1988-06;29.4;1988-06-30;25.2;0;17;0;0
1988-07;38.8;1988-07-06;30.0;0;28;17;3
1988-08;37.4;1988-08-03;29.1;0;24;15;5
1988-09;31.6;1988-09-02;23.4;0;12;2;0
1988-10;24.6;1988-10-12;17.2;0;0;0;0
1988-11;13.3;1988-11-02;4.3;6;0;0;0
1988-12;10.8;1988-12-26;5.9;3;0;0;0
1989-01;9.6;1989-01-16;2.0;8;0;0;0
1989-02;20.1;1989-02-24;8.9;0;0;0;0
1989-03;26.7;1989-03-31;15.2;0;1;0;0
1989-04;28.3;1989-04-05;20.2;0;5;0;0
1989-05;28.6;1989-05-13;21.2;0;3;0;0
1989-06;28.1;1989-06-27;23.5;0;8;0;0
1989-07;34.3;1989-07-09;28.5;0;26;11;0
1989-08;34.0;1989-08-18;27.0;0;21;13;0
1989-09;28.7;1989-09-21;22.5;0;8;0;0
1989-10;23.9;1989-10-23;18.3;0;0;0;0
1989-11;21.4;1989-11-02;8.8;2;0;0;0
1989-12;18.4;1989-12-16;5.6;10;0;0;0
1990-01;15.5;1990-01-30;3.9;13;0;0;0
1990-02;20.0;1990-02-25;12.4;0;0;0;0
1990-03;24.4;1990-03-23;16.5;0;0;0;0
1990-04;22.5;1990-04-07;17.1;0;0;0;0
1990-05;30.5;1990-05-25;24.1;0;16;1;0
1990-06;33.3;1990-06-29;25.7;0;14;5;0
1990-07;34.9;1990-07-01;27.9;0;27;8;0
1990-08;34.6;1990-08-17;29.1;0;27;17;0
1990-09;33.6;1990-09-01;21.4;0;4;1;0
1990-10;26.6;1990-10-01;18.9;0;3;0;0
1990-11;18.9;1990-11-21;9.6;0;0;0;0
1990-12;11.0;1990-12-11;3.5;2;0;0;0
1991-01;13.8;1991-01-11;4.2;6;0;0;0
1991-02;7.7;1991-02-11;1.2;12;0;0;0
1991-03;23.9;1991-03-24;12.5;0;0;0;0
1991-04;20.5;1991-04-06;15.0;0;0;0;0
1991-05;22.5;1991-05-10;17.4;0;0;0;0
1991-06;33.3;1991-06-17;25.8;0;16;6;0
1991-07;35.5;1991-07-13;29.1;0;26;16;1
1991-08;32.2;1991-08-09;26.5;0;19;6;0
1991-09;30.2;1991-09-27;24.2;0;12;1;0
1991-10;24.9;1991-10-15;15.3;0;0;0;0
1991-11;15.2;1991-11-17;10.0;0;0;0;0
1991-12;7.0;1991-12-02;1.2;10;0;0;0
1992-01;10.3;1992-01-07;3.8;7;0;0;0
1992-02;15.2;1992-02-13;7.9;0;0;0;0
1992-03;20.6;1992-03-26;13.1;0;0;0;0
1992-04;29.2;1992-04-26;19.0;0;6;0;0
1992-05;29.5;1992-05-11;23.8;0;13;0;0
1992-06;30.9;1992-06-21;25.9;0;19;4;0
1992-07;33.1;1992-07-22;28.4;0;29;10;0
1992-08;37.5;1992-08-28;33.3;0;31;26;12
1992-09;31.8;1992-09-01;24.6;0;15;1;0
1992-10;25.3;1992-10-05;16.0;0;1;0;0
1992-11;20.4;1992-11-03;10.2;0;0;0;0
1992-12;11.9;1992-12-05;2.6;11;0;0;0
1993-01;12.6;1993-01-13;3.3;12;0;0;0
1993-02;7.5;1993-02-20;1.8;10;0;0;0
1993-03;23.0;1993-03-21;8.5;3;0;0;0
1993-04;25.7;1993-04-28;16.9;0;2;0;0
1993-05;30.2;1993-05-20;25.9;0;19;3;0
1993-06;33.0;1993-06-23;26.8;0;20;6;0
1993-07;35.4;1993-07-31;28.4;0;22;13;3
1993-08;36.3;1993-08-23;29.3;0;25;17;4
1993-09;31.0;1993-09-09;22.7;0;11;2;0
1993-10;26.9;1993-10-12;18.1;0;5;0;0
1993-11;20.3;1993-11-07;4.9;8;0;0;0
1993-12;11.4;1993-12-20;5.3;5;0;0;0
1994-01;14.5;1994-01-07;5.5;3;0;0;0
1994-02;17.5;1994-02-28;5.7;6;0;0;0
1994-03;21.0;1994-03-31;14.3;0;0;0;0
1994-04;23.5;1994-04-30;16.9;0;0;0;0
1994-05;30.8;1994-05-17;22.4;0;12;2;0
1994-06;36.0;1994-06-30;26.7;0;17;8;3
1994-07;35.5;1994-07-30;31.0;0;30;20;2
1994-08;36.2;1994-08-11;29.9;0;28;13;6
1994-09;34.2;1994-09-01;27.4;0;24;10;0
1994-10;29.0;1994-10-03;16.2;0;3;0;0
1994-11;20.0;1994-11-01;10.6;0;0;0;0
1994-12;14.7;1994-12-12;4.6;1;0;0;0
1995-01;14.5;1995-01-26;2.1;14;0;0;0
1995-02;16.5;1995-02-21;11.1;0;0;0;0
1995-03;18.8;1995-03-25;10.9;0;0;0;0
1995-04;28.2;1995-04-22;17.3;0;4;0;0
1995-05;30.2;1995-05-31;21.7;0;9;2;0
1995-06;29.4;1995-06-01;24.9;0;18;0;0
1995-07;34.0;1995-07-12;30.7;0;31;22;0
1995-08;32.5;1995-08-01;27.9;0;25;10;0
1995-09;29.7;1995-09-14;21.6;0;4;0;0
1995-10;24.9;1995-10-14;19.4;0;0;0;0
1995-11;15.0;1995-11-01;5.6;4;0;0;0
1995-12;11.0;1995-12-24;2.8;6;0;0;0
1996-01;9.0;1996-01-10;1.1;10;0;0;0
1996-02;5.6;1996-02-18;0.3;12;0;0;0
1996-03;13.6;1996-03-24;6.3;2;0;0;0
1996-04;24.8;1996-04-23;17.3;0;0;0;0
1996-05;31.8;1996-05-19;23.6;0;9;1;0
1996-06;33.7;1996-06-11;26.3;0;19;6;0
1996-07;35.4;1996-07-08;26.1;0;17;6;1
1996-08;31.3;1996-08-02;26.3;0;24;2;0
1996-09;23.3;1996-09-04;17.6;0;0;0;0
1996-10;23.3;1996-10-16;16.8;0;0;0;0
1996-11;22.3;1996-11-05;12.9;0;0;0;0
1996-12;11.9;1996-12-19;1.6;9;0;0;0
1997-01;4.0;1997-01-29;0.1;14;0;0;0
1997-02;16.9;1997-02-25;6.8;0;0;0;0
1997-03;20.1;1997-03-28;11.5;0;0;0;0
1997-04;22.0;1997-04-11;13.6;0;0;0;0
1997-05;29.8;1997-05-17;22.9;0;13;0;0
1997-06;33.9;1997-06-28;26.1;0;17;6;0
1997-07;31.9;1997-07-04;25.7;0;18;2;0
1997-08;31.1;1997-08-15;27.1;0;27;3;0
1997-09;31.1;1997-09-13;23.5;0;11;1;0
1997-10;27.3;1997-10-09;14.7;0;4;0;0
1997-11;21.7;1997-11-08;10.5;1;0;0;0
1997-12;10.4;1997-12-03;5.0;5;0;0;0
1998-01;14.2;1998-01-08;6.4;5;0;0;0
1998-02;19.8;1998-02-22;11.6;1;0;0;0
1998-03;18.7;1998-03-04;10.2;0;0;0;0
1998-04;24.7;1998-04-04;17.7;0;0;0;0
1998-05;28.4;1998-05-13;21.3;0;8;0;0
1998-06;33.8;1998-06-06;27.5;0;22;13;0
1998-07;35.2;1998-07-23;28.2;0;23;11;2
1998-08;36.0;1998-08-04;28.1;0;22;13;2
1998-09;26.6;1998-09-11;21.2;0;2;0;0
1998-10;26.0;1998-10-06;17.6;0;1;0;0
1998-11;18.3;1998-11-04;6.9;1;0;0;0
1998-12;7.1;1998-12-14;-1.2;19;0;0;0
1999-01;10.0;1999-01-17;3.0;11;0;0;0
1999-02;16.3;1999-02-28;3.9;8;0;0;0
1999-03;19.5;1999-03-04;12.8;0;0;0;0
1999-04;23.3;1999-04-07;18.3;0;0;0;0
1999-05;30.0;1999-05-31;21.8;0;4;1;0
1999-06;31.0;1999-06-28;25.7;0;20;2;0
1999-07;34.9;1999-07-06;28.2;0;29;6;0
1999-08;35.1;1999-08-10;27.1;0;19;7;1
1999-09;32.2;1999-09-26;25.5;0;20;1;0
1999-10;26.6;1999-10-03;16.8;0;2;0;0
1999-11;17.2;1999-11-02;6.2;3;0;0;0
1999-12;13.3;1999-12-10;3.9;6;0;0;0
2000-01;13.1;2000-01-31;1.6;15;0;0;0
2000-02;15.2;2000-02-07;9.3;0;0;0;0
2000-03;21.0;2000-03-29;11.9;0;0;0;0
2000-04;27.2;2000-04-29;20.8;0;10;0;0
2000-05;31.3;2000-05-28;25.8;0;17;5;0
2000-06;36.4;2000-06-14;28.8;0;23;13;4
2000-07;37.4;2000-07-04;27.9;0;23;13;2
2000-08;37.8;2000-08-21;31.3;0;29;19;5
2000-09;30.4;2000-09-20;23.6;0;11;1;0
2000-10;28.4;2000-10-13;21.1;0;6;0;0
2000-11;23.0;2000-11-01;16.0;0;0;0;0
2000-12;13.3;2000-12-14;7.0;3;0;0;0
2001-01;15.6;2001-01-07;5.6;2;0;0;0
2001-02;17.7;2001-02-09;8.8;0;0;0;0
2001-03;24.5;2001-03-25;14.7;0;0;0;0
2001-04;25.0;2001-04-30;16.5;0;1;0;0
2001-05;31.5;2001-05-18;24.8;0;16;1;0
2001-06;32.6;2001-06-28;24.4;0;14;3;0
2001-07;35.2;2001-07-16;28.3;0;25;10;1
2001-08;36.6;2001-08-10;29.7;0;26;17;1
2001-09;27.9;2001-09-24;20.5;0;3;0;0
2001-10;27.5;2001-10-03;20.1;0;6;0;0
2001-11;17.7;2001-11-08;7.1;1;0;0;0
2001-12;4.5;2001-12-30;-1.4;18;0;0;0
2002-01;17.5;2002-01-29;3.5;12;0;0;0
2002-02;17.6;2002-02-13;11.0;0;0;0;0
2002-03;21.7;2002-03-07;14.7;0;0;0;0
2002-04;23.8;2002-04-21;17.7;0;0;0;0
2002-05;30.1;2002-05-25;25.5;0;18;1;0
2002-06;38.1;2002-06-24;28.1;0;21;11;3
2002-07;36.2;2002-07-03;30.2;0;30;18;3
2002-08;32.2;2002-08-04;27.8;0;26;7;0
2002-09;30.2;2002-09-08;22.2;0;12;3;0
2002-10;25.6;2002-10-17;17.2;0;1;0;0
2002-11;21.9;2002-11-16;12.7;0;0;0;0
2002-12;10.6;2002-12-04;2.3;11;0;0;0
2003-01;11.8;2003-01-03;-0.3;17;0;0;0
2003-02;3.3;2003-02-28;-0.6;18;0;0;0
2003-03;22.0;2003-03-29;10.8;0;0;0;0
2003-04;28.3;2003-04-30;17.0;0;2;0;0
2003-05;33.3;2003-05-08;27.6;0;24;10;0
2003-06;36.6;2003-06-13;30.6;0;30;16;2
2003-07;35.4;2003-07-22;29.4;0;30;13;1
2003-08;37.2;2003-08-14;32.0;0;31;25;5
2003-09;29.9;2003-09-23;23.2;0;9;0;0
2003-10;27.3;2003-10-03;14.4;0;2;0;0
2003-11;17.4;2003-11-01;11.9;0;0;0;0
2003-12;12.4;2003-12-01;5.3;1;0;0;0
2004-01;9.7;2004-01-14;1.1;15;0;0;0
2004-02;17.1;2004-02-06;5.9;2;0;0;0
2004-03;24.9;2004-03-19;10.8;0;0;0;0
2004-04;24.1;2004-04-29;16.9;0;0;0;0
2004-05;28.9;2004-05-21;20.9;0;3;0;0
2004-06;30.8;2004-06-28;25.1;0;18;1;0
2004-07;36.5;2004-07-09;28.6;0;23;14;4
2004-08;34.0;2004-08-20;28.1;0;27;5;0
2004-09;30.7;2004-09-15;22.3;0;12;1;0
2004-10;23.3;2004-10-30;18.1;0;0;0;0
2004-11;19.8;2004-11-02;10.0;0;0;0;0
2004-12;15.1;2004-12-02;4.8;6;0;0;0
2005-01;14.2;2005-01-09;3.7;9;0;0;0
2005-02;4.4;2005-02-26;-0.0;11;0;0;0
2005-03;21.3;2005-03-17;8.7;7;0;0;0
2005-04;23.1;2005-04-15;17.3;0;0;0;0
2005-05;32.1;2005-05-30;22.5;0;9;4;0
2005-06;31.3;2005-06-26;24.9;0;18;2;0
2005-07;35.5;2005-07-31;27.6;0;22;8;1
2005-08;31.6;2005-08-02;25.2;0;18;3;0
2005-09;29.0;2005-09-09;23.5;0;16;0;0
2005-10;24.9;2005-10-23;17.8;0;0;0;0
2005-11;15.5;2005-11-08;9.5;2;0;0;0
2005-12;10.1;2005-12-06;4.2;0;0;0;0
2006-01;7.6;2006-01-01;1.2;8;0;0;0
2006-02;14.8;2006-02-20;3.1;10;0;0;0
2006-03;21.3;2006-03-27;9.0;0;0;0;0
2006-04;24.9;2006-04-26;18.2;0;0;0;0
2006-05;30.8;2006-05-23;21.5;0;3;1;0
2006-06;34.1;2006-06-27;25.1;0;16;11;0
2006-07;34.3;2006-07-21;30.7;0;28;21;0
2006-08;33.1;2006-08-01;25.5;0;16;5;0
2006-09;29.8;2006-09-04;25.0;0;17;0;0
2006-10;28.2;2006-10-03;20.2;0;4;0;0
2006-11;19.3;2006-11-16;12.0;0;0;0;0
2006-12;15.6;2006-12-08;5.2;3;0;0;0
2007-01;15.7;2007-01-10;9.6;0;0;0;0
2007-02;15.6;2007-02-22;9.7;0;0;0;0
2007-03;19.4;2007-03-19;14.2;0;0;0;0
2007-04;26.7;2007-04-29;20.0;0;2;0;0
2007-05;29.6;2007-05-22;23.7;0;13;0;0
2007-06;34.5;2007-06-25;29.0;0;28;10;0
2007-07;39.8;2007-07-22;31.8;0;29;16;9
2007-08;37.7;2007-08-23;30.7;0;27;20;2
2007-09;31.1;2007-09-18;21.2;0;4;1;0
2007-10;24.9;2007-10-02;15.7;0;0;0;0
2007-11;13.9;2007-11-03;7.6;0;0;0;0
2007-12;8.2;2007-12-03;1.3;16;0;0;0
2008-01;13.0;2008-01-21;4.5;7;0;0;0
2008-02;20.2;2008-02-26;10.1;1;0;0;0
2008-03;17.8;2008-03-28;12.2;0;0;0;0
2008-04;23.8;2008-04-21;17.7;0;0;0;0
2008-05;34.0;2008-05-28;24.2;0;14;3;0
2008-06;35.1;2008-06-23;27.8;0;23;9;1
2008-07;35.2;2008-07-13;28.4;0;27;13;1
2008-08;38.7;2008-08-15;30.3;0;26;15;4
2008-09;37.6;2008-09-07;21.8;0;12;5;2
2008-10;23.9;2008-10-15;19.6;0;0;0;0
2008-11;21.5;2008-11-05;12.2;0;0;0;0
2008-12;15.0;2008-12-01;5.9;5;0;0;0
2009-01;12.7;2009-01-20;1.7;13;0;0;0
2009-02;15.8;2009-02-06;5.8;0;0;0;0
2009-03;19.7;2009-03-28;11.8;0;0;0;0
2009-04;25.1;2009-04-09;21.8;0;3;0;0
2009-05;31.5;2009-05-18;25.0;0;18;3;0
2009-06;33.0;2009-06-15;26.4;0;20;7;0
2009-07;36.1;2009-07-23;30.3;0;29;15;1
2009-08;36.0;2009-08-03;30.2;0;29;17;3
2009-09;32.4;2009-09-04;26.8;0;23;2;0
2009-10;28.2;2009-10-08;16.6;0;6;0;0
2009-11;19.2;2009-11-18;11.7;0;0;0;0
2009-12;16.5;2009-12-25;5.3;8;0;0;0
2010-01;12.2;2010-01-09;1.3;11;0;0;0
2010-02;14.1;2010-02-19;4.9;3;0;0;0
2010-03;21.3;2010-03-25;11.8;0;0;0;0
2010-04;25.1;2010-04-30;17.9;0;1;0;0
2010-05;28.4;2010-05-05;22.2;0;10;0;0
2010-06;34.6;2010-06-12;25.2;0;17;6;0
2010-07;34.4;2010-07-17;29.4;0;27;16;0
2010-08;34.1;2010-08-27;28.5;0;27;10;0
2010-09;27.3;2010-09-16;21.4;0;3;0;0
2010-10;18.3;2010-10-03;14.3;0;0;0;0
2010-11;21.4;2010-11-05;14.1;0;0;0;0
2010-12;14.5;2010-12-23;2.8;12;0;0;0
2011-01;13.3;2011-01-09;3.2;10;0;0;0
2011-02;12.9;2011-02-06;3.7;6;0;0;0
2011-03;21.0;2011-03-26;11.3;2;0;0;0
2011-04;24.5;2011-04-22;19.5;0;0;0;0
2011-05;29.7;2011-05-31;23.5;0;16;0;0
2011-06;33.1;2011-06-22;27.3;0;21;8;0
2011-07;37.0;2011-07-10;28.1;0;21;12;2
2011-08;38.3;2011-08-25;30.7;0;28;17;4
2011-09;33.7;2011-09-11;28.3;0;25;10;0
2011-10;27.6;2011-10-01;17.1;0;6;0;0
2011-11;18.0;2011-11-05;8.0;3;0;0;0
2011-12;14.4;2011-12-04;5.8;2;0;0;0
2012-01;10.3;2012-01-03;4.8;2;0;0;0
2012-02;11.4;2012-02-29;-1.3;17;0;0;0
2012-03;23.4;2012-03-18;15.0;0;0;0;0
2012-04;30.1;2012-04-30;18.9;0;5;1;0
2012-05;31.2;2012-05-02;23.3;0;11;3;0
2012-06;36.1;2012-06-30;28.9;0;23;14;2
2012-07;37.6;2012-07-05;31.6;0;30;20;8
2012-08;39.4;2012-08-24;32.2;0;30;23;8
2012-09;32.9;2012-09-02;26.9;0;18;10;0
2012-10;25.8;2012-10-01;18.7;0;3;0;0
2012-11;19.8;2012-11-04;12.5;0;0;0;0
2012-12;11.7;2012-12-26;2.6;10;0;0;0
2013-01;12.3;2013-01-21;4.1;4;0;0;0
2013-02;12.5;2013-02-25;6.4;0;0;0;0
2013-03;20.0;2013-03-08;9.0;0;0;0;0
2013-04;31.6;2013-04-30;19.2;0;7;2;0
2013-05;31.6;2013-05-02;22.9;0;12;2;0
2013-06;35.4;2013-06-19;26.1;0;16;8;3
2013-07;38.2;2013-07-29;30.0;0;30;16;2
2013-08;37.7;2013-08-08;30.7;0;29;16;7
2013-09;28.7;2013-09-01;21.8;0;9;0;0
2013-10;25.4;2013-10-12;19.4;0;3;0;0
2013-11;21.0;2013-11-03;12.1;0;0;0;0
2013-12;13.4;2013-12-27;5.9;3;0;0;0
2014-01;14.6;2014-01-20;6.3;6;0;0;0
2014-02;17.2;2014-02-16;9.4;1;0;0;0
2014-03;22.7;2014-03-22;16.1;0;0;0;0
2014-04;23.0;2014-04-28;18.7;0;0;0;0
2014-05;29.0;2014-05-23;21.8;0;9;0;0
2014-06;34.5;2014-06-10;26.5;0;20;5;0
2014-07;32.8;2014-07-21;28.0;0;28;9;0
2014-08;32.5;2014-08-13;27.2;0;23;6;0
2014-09;29.9;2014-09-03;23.5;0;10;0;0
2014-10;27.8;2014-10-14;18.2;0;6;0;0
2014-11;22.4;2014-11-07;11.8;0;0;0;0
2014-12;12.3;2014-12-23;6.5;4;0;0;0
2015-01;10.6;2015-01-15;5.5;4;0;0;0
2015-02;14.3;2015-02-24;6.8;0;0;0;0
2015-03;21.1;2015-03-26;13.0;0;0;0;0
2015-04;26.5;2015-04-16;18.3;0;2;0;0
2015-05;31.3;2015-05-19;23.2;0;8;1;0
2015-06;31.5;2015-06-14;26.5;0;20;6;0
2015-07;36.7;2015-07-23;30.7;0;26;16;8
2015-08;37.4;2015-08-12;31.2;0;26;20;9
2015-09;36.4;2015-09-17;24.6;0;12;8;3
2015-10;26.3;2015-10-04;15.9;0;1;0;0
2015-11;21.1;2015-11-11;12.2;0;0;0;0
2015-12;14.0;2015-12-01;4.8;1;0;0;0
2016-01;14.8;2016-01-11;3.3;10;0;0;0
2016-02;17.3;2016-02-22;11.1;0;0;0;0
2016-03;23.7;2016-03-31;12.4;0;0;0;0
2016-04;27.2;2016-04-17;20.1;0;7;0;0
2016-05;29.3;2016-05-28;22.5;0;8;0;0
2016-06;34.8;2016-06-24;27.2;0;22;7;0
2016-07;35.7;2016-07-13;29.4;0;28;14;1
2016-08;32.7;2016-08-21;28.2;0;26;12;0
2016-09;32.5;2016-09-12;26.2;0;18;9;0
2016-10;25.9;2016-10-01;14.6;0;2;0;0
2016-11;17.0;2016-11-02;10.3;0;0;0;0
2016-12;12.4;2016-12-10;3.4;9;0;0;0
2017-01;4.7;2017-01-12;-1.1;20;0;0;0
2017-02;20.1;2017-02-28;7.1;2;0;0;0
2017-03;24.3;2017-03-22;15.6;0;0;0;0
2017-04;24.7;2017-04-27;17.1;0;0;0;0
2017-05;32.0;2017-05-31;23.6;0;11;1;0
2017-06;34.5;2017-06-21;29.7;0;27;13;0
2017-07;36.9;2017-07-10;30.3;0;29;16;2
2017-08;39.3;2017-08-04;32.5;0;29;21;12
2017-09;34.4;2017-09-01;23.3;0;10;3;0
2017-10;25.6;2017-10-17;19.0;0;3;0;0
2017-11;15.7;2017-11-06;10.9;0;0;0;0
2017-12;13.9;2017-12-12;6.9;0;0;0;0
2018-01;15.4;2018-01-07;7.2;1;0;0;0
2018-02;15.6;2018-02-02;4.4;4;0;0;0
2018-03;21.0;2018-03-31;8.0;5;0;0;0
2018-04;30.2;2018-04-29;22.9;0;11;1;0
2018-05;30.7;2018-05-02;26.7;0;23;2;0
2018-06;32.3;2018-06-12;27.6;0;24;7;0
2018-07;32.4;2018-07-30;28.3;0;27;8;0
2018-08;35.0;2018-08-21;31.9;0;30;27;1
2018-09;34.6;2018-09-01;25.9;0;21;5;0
2018-10;26.5;2018-10-27;21.4;0;7;0;0
2018-11;23.5;2018-11-01;12.8;1;0;0;0
2018-12;11.3;2018-12-23;4.4;6;0;0;0
2019-01;11.4;2019-01-17;2.6;7;0;0;0
2019-02;20.5;2019-02-28;10.1;0;0;0;0
2019-03;23.9;2019-03-17;16.2;0;0;0;0
2019-04;30.3;2019-04-26;19.9;0;3;1;0
2019-05;26.5;2019-05-26;20.2;0;3;0;0
2019-06;33.3;2019-06-27;29.1;0;26;13;0
2019-07;33.6;2019-07-01;28.9;0;28;14;0
2019-08;36.9;2019-08-12;32.0;0;31;23;8
2019-09;34.1;2019-09-02;25.3;0;16;2;0
2019-10;28.2;2019-10-02;21.7;0;9;0;0
2019-11;22.0;2019-11-05;14.9;0;0;0;0
2019-12;14.9;2019-12-17;7.4;1;0;0;0
