#datum;m_txx;m_txxd;m_txa;m_dtx0;m_dtx25;m_dtx30;m_dtx35
1901-01;9.0;1901-01-23;-1.6;17;0;0;0
1901-02;5.8;1901-02-05;0.7;12;0;0;0
1901-03;18.0;1901-03-19;9.0;0;0;0;0
1901-04;24.0;1901-04-09;16.5;0;0;0;0
1901-05;29.0;1901-05-31;21.8;0;4;0;0
1901-06;30.5;1901-06-01;24.9;0;21;2;0
1901-07;33.0;1901-07-29;27.6;0;24;10;0
1901-08;32.5;1901-08-01;25.1;0;18;1;0
1901-09;27.0;1901-09-01;18.7;0;1;0;0
1901-10;22.1;1901-10-04;14.9;0;0;0;0
1901-11;16.1;1901-11-14;6.8;1;0;0;0
1901-12;11.1;1901-12-20;5.9;0;0;0;0
1902-01;10.5;1902-01-25;6.2;2;0;0;0
1902-02;12.0;1902-02-08;3.6;3;0;0;0
1902-03;17.6;1902-03-21;9.7;1;0;0;0
1902-04;21.5;1902-04-21;14.9;0;0;0;0
1902-05;26.5;1902-05-31;16.9;0;3;0;0
1902-06;30.0;1902-06-02;22.7;0;9;2;0
1902-07;30.2;1902-07-10;24.4;0;15;2;0
1902-08;30.0;1902-08-07;24.5;0;17;1;0
1902-09;27.5;1902-09-01;19.7;0;7;0;0
1902-10;19.5;1902-10-11;13.3;0;0;0;0
1902-11;10.5;1902-11-01;4.4;8;0;0;0
1902-12;11.5;1902-12-27;0.3;15;0;0;0
1903-01;14.0;1903-01-11;0.7;13;0;0;0
1903-02;19.2;1903-02-22;8.2;1;0;0;0
1903-03;21.5;1903-03-27;12.5;0;0;0;0
1903-04;21.0;1903-04-29;12.1;0;0;0;0
1903-05;26.0;1903-05-03;20.7;0;3;0;0
1903-06;27.5;1903-06-03;23.0;0;11;0;0
1903-07;33.0;1903-07-20;24.5;0;17;4;0
1903-08;29.5;1903-08-10;24.4;0;15;0;0
1903-09;27.5;1903-09-01;20.0;0;7;0;0
1903-10;24.0;1903-10-07;14.4;0;0;0;0
1903-11;13.0;1903-11-03;8.2;0;0;0;0
1903-12;7.0;1903-12-10;2.9;3;0;0;0
1904-01;8.5;1904-01-14;0.2;16;0;0;0
1904-02;14.0;1904-02-04;6.3;2;0;0;0
1904-03;17.0;1904-03-10;9.3;0;0;0;0
1904-04;23.0;1904-04-14;16.4;0;0;0;0
1904-05;27.5;1904-05-18;20.8;0;5;0;0
1904-06;30.0;1904-06-17;24.3;0;14;3;0
1904-07;33.0;1904-07-17;28.3;0;29;11;0
1904-08;34.5;1904-08-07;25.6;0;18;6;0
1904-09;25.0;1904-09-10;17.8;0;2;0;0
1904-10;19.0;1904-10-07;13.9;0;0;0;0
1904-11;15.5;1904-11-10;6.7;0;0;0;0
1904-12;11.0;1904-12-08;4.4;1;0;0;0
1905-01;8.5;1905-01-31;-0.1;18;0;0;0
1905-02;8.0;1905-02-24;4.1;2;0;0;0
1905-03;22.0;1905-03-31;10.6;0;0;0;0
1905-04;22.5;1905-04-30;14.3;0;0;0;0
1905-05;25.5;1905-05-31;20.6;0;3;0;0
1905-06;31.0;1905-06-30;25.1;0;22;2;0
1905-07;35.0;1905-07-02;28.5;0;28;14;1
1905-08;35.0;1905-08-05;26.8;0;21;9;1
1905-09;29.0;1905-09-12;21.8;0;8;0;0
1905-10;16.5;1905-10-01;9.7;0;0;0;0
1905-11;13.5;1905-11-03;8.1;0;0;0;0
1905-12;8.3;1905-12-09;4.2;3;0;0;0
1906-01;8.4;1906-01-30;2.4;10;0;0;0
1906-02;14.8;1906-02-28;4.2;0;0;0;0
1906-03;20.2;1906-03-18;10.1;0;0;0;0
1906-04;23.9;1906-04-13;16.7;0;0;0;0
1906-05;26.2;1906-05-29;21.5;0;3;0;0
1906-06;32.5;1906-06-29;22.6;0;13;2;0
1906-07;30.7;1906-07-20;25.6;0;22;1;0
1906-08;32.0;1906-08-03;24.7;0;15;3;0
1906-09;31.0;1906-09-06;19.5;0;9;2;0
1906-10;19.5;1906-10-03;14.2;0;0;0;0
1906-11;18.0;1906-11-07;11.7;0;0;0;0
1906-12;10.0;1906-12-04;1.3;12;0;0;0
1907-01;8.5;1907-01-18;1.5;9;0;0;0
1907-02;7.1;1907-02-28;2.0;11;0;0;0
1907-03;15.0;1907-03-20;7.8;0;0;0;0
1907-04;17.5;1907-04-16;11.8;0;0;0;0
1907-05;28.2;1907-05-24;23.2;0;16;0;0
1907-06;31.3;1907-06-30;25.0;0;17;3;0
1907-07;31.5;1907-07-02;24.6;0;12;3;0
1907-08;32.5;1907-08-06;25.3;0;20;2;0
1907-09;28.4;1907-09-01;21.1;0;3;0;0
1907-10;23.1;1907-10-04;18.6;0;0;0;0
1907-11;16.2;1907-11-01;6.6;0;0;0;0
1907-12;8.8;1907-12-20;4.5;2;0;0;0
1908-01;10.2;1908-01-28;1.0;10;0;0;0
1908-02;11.3;1908-02-23;5.5;3;0;0;0
1908-03;16.2;1908-03-31;8.1;0;0;0;0
1908-04;20.8;1908-04-28;13.2;0;0;0;0
1908-05;30.0;1908-05-13;23.5;0;12;1;0
1908-06;32.6;1908-06-20;26.5;0;24;4;0
1908-07;32.6;1908-07-13;26.0;0;19;3;0
1908-08;30.0;1908-08-06;23.2;0;9;1;0
1908-09;24.4;1908-09-10;19.1;0;0;0;0
1908-10;24.5;1908-10-05;14.6;0;0;0;0
1908-11;9.2;1908-11-01;3.6;5;0;0;0
1908-12;8.4;1908-12-03;1.2;10;0;0;0
1909-01;8.2;1909-01-05;0.7;13;0;0;0
1909-02;10.0;1909-02-04;1.6;9;0;0;0
1909-03;18.6;1909-03-30;8.5;0;0;0;0
1909-04;28.0;1909-04-27;18.0;0;4;0;0
1909-05;28.8;1909-05-17;19.3;0;5;0;0
1909-06;30.0;1909-06-22;24.1;0;11;1;0
1909-07;31.2;1909-07-26;24.6;0;15;2;0
1909-08;31.0;1909-08-02;25.1;0;15;3;0
1909-09;27.3;1909-09-12;21.3;0;2;0;0
1909-10;21.0;1909-10-06;16.4;0;0;0;0
1909-11;16.2;1909-11-16;6.3;1;0;0;0
1909-12;14.4;1909-12-20;5.0;2;0;0;0
1910-01;6.4;1910-01-12;2.9;5;0;0;0
1910-02;15.4;1910-02-21;6.9;0;0;0;0
1910-03;17.4;1910-03-13;10.8;0;0;0;0
1910-04;22.6;1910-04-16;15.0;0;0;0;0
1910-05;27.2;1910-05-20;19.9;0;5;0;0
1910-06;28.8;1910-06-04;24.8;0;16;0;0
1910-07;30.6;1910-07-18;24.6;0;13;3;0
1910-08;30.6;1910-08-22;24.7;0;13;2;0
1910-09;22.0;1910-09-14;18.1;0;0;0;0
1910-10;21.0;1910-10-01;14.5;0;0;0;0
1910-11;15.8;1910-11-09;6.9;0;0;0;0
1910-12;13.2;1910-12-11;6.2;1;0;0;0
1911-01;11.5;1911-01-27;1.9;11;0;0;0
1911-02;13.9;1911-02-18;4.2;5;0;0;0
1911-03;22.4;1911-03-29;10.1;0;0;0;0
1911-04;24.6;1911-04-16;15.8;0;0;0;0
1911-05;27.0;1911-05-16;20.1;0;7;0;0
1911-06;30.1;1911-06-26;23.4;0;9;1;0
1911-07;34.5;1911-07-27;28.1;0;23;11;0
1911-08;32.3;1911-08-20;28.0;0;27;9;0
1911-09;30.6;1911-09-09;22.2;0;10;1;0
1911-10;22.7;1911-10-07;14.6;0;0;0;0
1911-11;17.6;1911-11-22;10.5;0;0;0;0
1911-12;8.5;1911-12-22;4.5;0;0;0;0
1912-01;9.3;1912-01-07;-0.1;15;0;0;0
1912-02;15.5;1912-02-28;6.9;3;0;0;0
1912-03;20.6;1912-03-27;12.5;0;0;0;0
1912-04;21.2;1912-04-06;14.1;0;0;0;0
1912-05;30.7;1912-05-13;20.4;0;4;3;0
1912-06;29.8;1912-06-08;24.4;0;13;0;0
1912-07;30.3;1912-07-29;25.7;0;18;1;0
1912-08;29.5;1912-08-05;23.0;0;9;0;0
1912-09;21.3;1912-09-05;14.5;0;0;0;0
1912-10;21.9;1912-10-02;12.5;0;0;0;0
1912-11;12.2;1912-11-01;5.0;0;0;0;0
1912-12;11.0;1912-12-27;4.0;4;0;0;0
1913-01;6.5;1913-01-24;0.1;15;0;0;0
1913-02;10.0;1913-02-28;4.0;6;0;0;0
1913-03;20.5;1913-03-31;12.9;0;0;0;0
1913-04;26.0;1913-04-26;16.4;0;4;0;0
1913-05;28.2;1913-05-30;19.7;0;3;0;0
1913-06;31.5;1913-06-05;24.1;0;11;4;0
1913-07;27.6;1913-07-15;22.1;0;6;0;0
1913-08;28.4;1913-08-05;23.1;0;11;0;0
1913-09;26.0;1913-09-01;19.8;0;4;0;0
1913-10;22.0;1913-10-08;15.0;0;0;0;0
1913-11;16.6;1913-11-13;9.9;0;0;0;0
1913-12;12.0;1913-12-01;4.5;3;0;0;0
1914-01;5.4;1914-01-04;-2.4;23;0;0;0
1914-02;11.5;1914-02-27;1.4;16;0;0;0
1914-03;18.2;1914-03-10;11.0;0;0;0;0
1914-04;24.6;1914-04-30;18.4;0;0;0;0
1914-05;24.8;1914-05-25;19.8;0;0;0;0
1914-06;28.1;1914-06-29;22.9;0;9;0;0
1914-07;29.7;1914-07-22;24.5;0;17;0;0
1914-08;29.5;1914-08-04;24.7;0;16;0;0
1914-09;26.5;1914-09-11;18.9;0;3;0;0
1914-10;18.6;1914-10-02;13.5;0;0;0;0
1914-11;14.0;1914-11-03;5.9;5;0;0;0
1914-12;12.8;1914-12-10;4.6;1;0;0;0
1915-01;8.7;1915-01-06;3.0;6;0;0;0
1915-02;11.4;1915-02-19;4.8;2;0;0;0
1915-03;17.2;1915-03-25;8.3;2;0;0;0
1915-04;23.0;1915-04-27;15.6;0;0;0;0
1915-05;26.1;1915-05-18;21.3;0;4;0;0
1915-06;31.2;1915-06-12;25.6;0;19;3;0
1915-07;31.0;1915-07-08;24.6;0;16;2;0
1915-08;28.6;1915-08-10;22.8;0;7;0;0
1915-09;23.3;1915-09-18;18.3;0;0;0;0
1915-10;15.5;1915-10-10;10.8;0;0;0;0
1915-11;13.8;1915-11-13;5.5;4;0;0;0
1915-12;14.9;1915-12-12;6.8;3;0;0;0
1916-01;11.5;1916-01-23;5.8;1;0;0;0
1916-02;11.6;1916-02-28;4.0;1;0;0;0
1916-03;17.5;1916-03-20;12.6;0;0;0;0
1916-04;21.0;1916-04-05;15.2;0;0;0;0
1916-05;28.0;1916-05-26;21.8;0;6;0;0
1916-06;28.6;1916-06-24;22.4;0;7;0;0
1916-07;31.5;1916-07-10;25.3;0;17;3;0
1916-08;31.9;1916-08-17;25.0;0;18;1;0
1916-09;25.3;1916-09-04;18.5;0;1;0;0
1916-10;24.0;1916-10-13;14.0;0;0;0;0
1916-11;17.0;1916-11-05;9.0;1;0;0;0
1916-12;12.6;1916-12-13;5.4;0;0;0;0
1917-01;9.8;1917-01-02;1.0;13;0;0;0
1917-02;7.1;1917-02-27;0.1;12;0;0;0
1917-03;15.0;1917-03-31;6.8;0;0;0;0
1917-04;23.6;1917-04-30;12.5;0;0;0;0
1917-05;27.6;1917-05-25;22.8;0;8;0;0
1917-06;32.1;1917-06-29;27.3;0;26;5;0
1917-07;33.6;1917-07-29;26.6;0;22;5;0
1917-08;32.5;1917-08-01;26.7;0;23;5;0
1917-09;28.3;1917-09-20;23.0;0;8;0;0
1917-10;22.5;1917-10-04;14.5;0;0;0;0
1917-11;13.3;1917-11-03;8.0;0;0;0;0
1917-12;6.6;1917-12-01;0.6;14;0;0;0
1918-01;12.3;1918-01-23;3.9;7;0;0;0
1918-02;12.9;1918-02-10;4.8;11;0;0;0
1918-03;19.3;1918-03-24;10.7;0;0;0;0
1918-04;21.4;1918-04-30;18.7;0;0;0;0
1918-05;27.6;1918-05-22;20.8;0;5;0;0
1918-06;29.5;1918-06-18;22.2;0;7;0;0
1918-07;32.5;1918-07-18;25.6;0;17;6;0
1918-08;30.6;1918-08-23;25.5;0;21;5;0
1918-09;27.0;1918-09-06;22.0;0;10;0;0
1918-10;18.6;1918-10-14;13.2;0;0;0;0
1918-11;13.0;1918-11-07;5.5;7;0;0;0
1918-12;10.0;1918-12-15;5.0;0;0;0;0
1919-01;13.2;1919-01-06;3.7;4;0;0;0
1919-02;14.0;1919-02-22;3.1;14;0;0;0
1919-03;17.0;1919-03-25;9.9;0;0;0;0
1919-04;18.5;1919-04-13;11.9;0;0;0;0
1919-05;22.0;1919-05-12;16.1;0;0;0;0
1919-06;30.0;1919-06-21;22.7;0;10;1;0
1919-07;29.5;1919-07-08;23.0;0;8;0;0
1919-08;30.2;1919-08-11;24.1;0;13;1;0
1919-09;26.5;1919-09-16;22.4;0;11;0;0
1919-10;22.6;1919-10-02;12.4;0;0;0;0
1919-11;14.2;1919-11-06;5.9;1;0;0;0
1919-12;9.0;1919-12-01;2.7;4;0;0;0
1920-01;15.5;1920-01-13;4.9;1;0;0;0
1920-02;14.4;1920-02-27;7.1;0;0;0;0
1920-03;22.0;1920-03-08;13.3;0;0;0;0
1920-04;26.7;1920-04-18;18.3;0;2;0;0
1920-05;29.6;1920-05-26;22.6;0;14;0;0
1920-06;29.0;1920-06-30;21.9;0;6;0;0
1920-07;33.0;1920-07-19;25.8;0;21;2;0
1920-08;28.6;1920-08-05;23.0;0;12;0;0
1920-09;27.2;1920-09-23;20.5;0;6;0;0
1920-10;22.0;1920-10-03;11.5;2;0;0;0
1920-11;9.0;1920-11-18;2.3;7;0;0;0
1920-12;9.8;1920-12-31;1.9;5;0;0;0
1921-01;12.5;1921-01-02;6.9;0;0;0;0
1921-02;11.0;1921-02-01;4.1;3;0;0;0
1921-03;20.0;1921-03-25;13.0;0;0;0;0
1921-04;21.5;1921-04-14;12.9;0;0;0;0
1921-05;26.9;1921-05-20;21.4;0;9;0;0
1921-06;31.0;1921-06-05;22.1;0;8;1;0
1921-07;36.6;1921-07-29;27.0;0;22;9;1
1921-08;33.8;1921-08-03;26.5;0;19;8;0
1921-09;28.0;1921-09-16;21.2;0;8;0;0
1921-10;25.0;1921-10-04;17.2;0;1;0;0
1921-11;13.0;1921-11-05;3.9;8;0;0;0
1921-12;9.4;1921-12-20;1.8;12;0;0;0
1922-01;8.5;1922-01-02;-0.1;17;0;0;0
1922-02;11.6;1922-02-28;1.2;11;0;0;0
1922-03;17.0;1922-03-06;10.7;0;0;0;0
1922-04;23.5;1922-04-16;13.0;0;0;0;0
1922-05;28.0;1922-05-27;20.4;0;5;0;0
1922-06;30.6;1922-06-29;24.6;0;19;1;0
1922-07;34.0;1922-07-12;26.5;0;19;8;0
1922-08;33.9;1922-08-15;25.5;0;19;3;0
1922-09;24.5;1922-09-23;17.1;0;0;0;0
1922-10;17.5;1922-10-04;9.9;0;0;0;0
1922-11;15.1;1922-11-04;5.8;1;0;0;0
1922-12;12.5;1922-12-31;4.3;7;0;0;0
1923-01;9.0;1923-01-01;3.7;4;0;0;0
1923-02;12.9;1923-02-02;3.5;6;0;0;0
1923-03;17.3;1923-03-25;9.8;0;0;0;0
1923-04;21.0;1923-04-22;12.9;0;0;0;0
1923-05;28.8;1923-05-31;22.0;0;11;0;0
1923-06;30.3;1923-06-01;19.9;0;4;1;0
1923-07;31.0;1923-07-15;25.8;0;21;3;0
1923-08;31.5;1923-08-10;24.7;0;16;2;0
1923-09;25.7;1923-09-01;20.5;0;5;0;0
1923-10;23.5;1923-10-02;17.3;0;0;0;0
1923-11;14.2;1923-11-06;8.2;1;0;0;0
1923-12;10.0;1923-12-17;2.9;9;0;0;0
1924-01;7.6;1924-01-21;0.1;16;0;0;0
1924-02;10.5;1924-02-05;1.0;18;0;0;0
1924-03;18.0;1924-03-25;7.5;0;0;0;0
1924-04;21.5;1924-04-26;13.2;0;0;0;0
1924-05;28.5;1924-05-20;21.4;0;12;0;0
1924-06;27.4;1924-06-02;21.8;0;6;0;0
1924-07;31.0;1924-07-05;24.4;0;14;1;0
1924-08;28.1;1924-08-08;22.3;0;7;0;0
1924-09;25.9;1924-09-25;20.7;0;4;0;0
1924-10;21.2;1924-10-05;14.6;0;0;0;0
1924-11;19.2;1924-11-04;6.1;4;0;0;0
1924-12;14.0;1924-12-02;1.6;15;0;0;0
1925-01;11.0;1925-01-04;3.2;7;0;0;0
1925-02;18.2;1925-02-16;8.6;0;0;0;0
1925-03;16.6;1925-03-28;8.3;1;0;0;0
1925-04;21.4;1925-04-19;15.2;0;0;0;0
1925-05;26.2;1925-05-31;20.0;0;2;0;0
1925-06;30.0;1925-06-17;21.4;0;6;1;0
1925-07;29.8;1925-07-22;24.8;0;14;0;0
1925-08;28.1;1925-08-11;22.9;0;9;0;0
1925-09;24.8;1925-09-24;17.3;0;0;0;0
1925-10;22.0;1925-10-04;14.1;0;0;0;0
1925-11;15.8;1925-11-04;6.1;3;0;0;0
1925-12;9.3;1925-12-31;0.4;16;0;0;0
1926-01;9.3;1926-01-01;0.7;13;0;0;0
1926-02;12.6;1926-02-21;7.7;0;0;0;0
1926-03;19.8;1926-03-30;7.8;0;0;0;0
1926-04;23.0;1926-04-24;16.2;0;0;0;0
1926-05;23.5;1926-05-31;18.1;0;0;0;0
1926-06;26.1;1926-06-13;20.5;0;1;0;0
1926-07;27.2;1926-07-20;22.3;0;7;0;0
1926-08;28.0;1926-08-22;22.1;0;6;0;0
1926-09;26.5;1926-09-08;21.1;0;7;0;0
1926-10;21.6;1926-10-09;14.5;0;0;0;0
1926-11;23.5;1926-11-01;13.2;0;0;0;0
1926-12;8.6;1926-12-11;2.4;7;0;0;0
1927-01;11.3;1927-01-11;4.0;1;0;0;0
1927-02;14.8;1927-02-26;4.4;4;0;0;0
1927-03;18.9;1927-03-23;11.7;0;0;0;0
1927-04;22.7;1927-04-23;14.2;0;0;0;0
1927-05;25.6;1927-05-31;18.3;0;1;0;0
1927-06;31.0;1927-06-02;24.5;0;13;2;0
1927-07;30.5;1927-07-09;26.2;0;20;2;0
1927-08;31.0;1927-08-02;24.7;0;16;2;0
1927-09;27.0;1927-09-22;21.3;0;4;0;0
1927-10;19.5;1927-10-03;14.2;0;0;0;0
1927-11;20.6;1927-11-10;7.6;1;0;0;0
1927-12;4.5;1927-12-07;-0.6;11;0;0;0
1928-01;8.3;1928-01-10;1.6;9;0;0;0
1928-02;13.0;1928-02-09;5.3;2;0;0;0
1928-03;18.5;1928-03-31;6.3;0;0;0;0
1928-04;24.2;1928-04-29;16.3;0;0;0;0
1928-05;24.0;1928-05-31;17.3;0;0;0;0
1928-06;29.6;1928-06-26;23.1;0;11;0;0
1928-07;35.2;1928-07-16;28.9;0;26;11;1
1928-08;34.6;1928-08-01;26.7;0;20;7;0
1928-09;31.5;1928-09-09;20.4;0;7;2;0
1928-10;25.3;1928-10-28;15.7;0;1;0;0
1928-11;21.5;1928-11-02;10.7;0;0;0;0
1928-12;6.5;1928-12-27;2.2;7;0;0;0
1929-01;6.0;1929-01-01;-2.7;26;0;0;0
1929-02;1.8;1929-02-26;-5.8;26;0;0;0
1929-03;16.9;1929-03-29;7.6;5;0;0;0
1929-04;22.8;1929-04-20;11.7;0;0;0;0
1929-05;27.0;1929-05-09;21.3;0;8;0;0
1929-06;29.7;1929-06-21;22.6;0;12;0;0
1929-07;34.7;1929-07-24;26.6;0;16;9;0
1929-08;33.4;1929-08-10;26.7;0;20;10;0
1929-09;33.0;1929-09-03;23.9;0;13;6;0
1929-10;26.7;1929-10-04;17.5;0;3;0;0
1929-11;14.7;1929-11-02;9.0;0;0;0;0
1929-12;15.5;1929-12-07;5.3;6;0;0;0
1930-01;10.6;1930-01-27;2.5;12;0;0;0
1930-02;9.2;1930-02-04;3.8;2;0;0;0
1930-03;16.4;1930-03-18;10.9;0;0;0;0
1930-04;25.8;1930-04-26;15.5;0;2;0;0
1930-05;28.2;1930-05-30;19.6;0;3;0;0
1930-06;31.5;1930-06-27;26.2;0;22;4;0
1930-07;33.0;1930-07-05;26.0;0;19;5;0
1930-08;29.1;1930-08-03;23.8;0;16;0;0
1930-09;27.2;1930-09-01;21.4;0;3;0;0
1930-10;23.5;1930-10-09;13.9;0;0;0;0
1930-11;18.0;1930-11-22;12.0;0;0;0;0
1930-12;13.5;1930-12-01;2.1;8;0;0;0
1931-01;11.6;1931-01-04;3.0;8;0;0;0
1931-02;9.4;1931-02-20;2.5;5;0;0;0
1931-03;15.2;1931-03-22;5.1;3;0;0;0
1931-04;19.7;1931-04-26;12.6;0;0;0;0
1931-05;29.2;1931-05-28;23.0;0;10;0;0
1931-06;30.4;1931-06-18;25.5;0;17;2;0
1931-07;34.4;1931-07-04;27.3;0;22;9;0
1931-08;31.5;1931-08-06;24.0;0;14;2;0
1931-09;26.2;1931-09-04;16.3;0;2;0;0
1931-10;22.2;1931-10-07;14.4;0;0;0;0
1931-11;14.5;1931-11-06;6.7;0;0;0;0
1931-12;12.8;1931-12-05;2.3;11;0;0;0
1932-01;13.8;1932-01-04;2.3;12;0;0;0
1932-02;11.3;1932-02-04;1.3;12;0;0;0
1932-03;16.1;1932-03-31;4.7;2;0;0;0
1932-04;21.5;1932-04-04;15.2;0;0;0;0
1932-05;28.8;1932-05-22;21.2;0;7;0;0
1932-06;29.6;1932-06-30;23.0;0;10;0;0
1932-07;33.7;1932-07-06;27.7;0;23;11;0
1932-08;33.7;1932-08-16;28.1;0;23;12;0
1932-09;32.5;1932-09-10;25.8;0;20;1;0
1932-10;24.8;1932-10-01;15.1;0;0;0;0
1932-11;15.6;1932-11-04;6.9;0;0;0;0
1932-12;12.3;1932-12-03;1.5;16;0;0;0
1933-01;5.6;1933-01-31;-2.1;23;0;0;0
1933-02;11.6;1933-02-06;3.4;6;0;0;0
1933-03;18.9;1933-03-29;10.7;0;0;0;0
1933-04;23.2;1933-04-30;12.4;0;0;0;0
1933-05;23.3;1933-05-22;18.3;0;0;0;0
1933-06;26.0;1933-06-22;20.9;0;2;0;0
1933-07;33.4;1933-07-28;25.8;0;17;3;0
1933-08;34.4;1933-08-12;25.4;0;15;6;0
1933-09;26.7;1933-09-13;20.3;0;1;0;0
1933-10;24.8;1933-10-02;14.3;0;0;0;0
1933-11;17.5;1933-11-18;6.9;0;0;0;0
1933-12;6.2;1933-12-24;-2.7;18;0;0;0
1934-01;5.1;1934-01-18;1.6;7;0;0;0
1934-02;14.0;1934-02-27;5.8;3;0;0;0
1934-03;18.9;1934-03-25;12.7;0;0;0;0
1934-04;28.0;1934-04-18;19.0;0;6;0;0
1934-05;27.6;1934-05-02;22.4;0;9;0;0
1934-06;30.6;1934-06-25;22.9;0;5;2;0
1934-07;32.2;1934-07-21;26.7;0;23;7;0
1934-08;31.2;1934-08-04;24.3;0;14;1;0
1934-09;26.0;1934-09-29;22.5;0;3;0;0
1934-10;25.4;1934-10-01;14.2;0;2;0;0
1934-11;19.6;1934-11-06;10.4;0;0;0;0
1934-12;12.2;1934-12-15;7.2;0;0;0;0
1935-01;7.3;1935-01-02;-0.1;16;0;0;0
1935-02;15.2;1935-02-17;5.7;7;0;0;0
1935-03;20.1;1935-03-21;8.3;5;0;0;0
1935-04;25.0;1935-04-11;14.5;0;1;0;0
1935-05;23.5;1935-05-24;17.7;0;0;0;0
1935-06;35.7;1935-06-28;25.5;0;15;5;1
1935-07;32.0;1935-07-28;26.5;0;23;5;0
1935-08;31.2;1935-08-13;24.9;0;18;3;0
1935-09;28.5;1935-09-03;21.8;0;8;0;0
1935-10;25.5;1935-10-01;16.9;0;1;0;0
1935-11;17.0;1935-11-11;8.6;0;0;0;0
1935-12;11.2;1935-12-29;3.4;7;0;0;0
1936-01;13.5;1936-01-27;7.4;0;0;0;0
1936-02;12.5;1936-02-02;5.1;3;0;0;0
1936-03;21.0;1936-03-26;12.3;0;0;0;0
1936-04;21.0;1936-04-02;15.4;0;0;0;0
1936-05;24.7;1936-05-27;19.5;0;0;0;0
1936-06;29.7;1936-06-18;23.1;0;17;0;0
1936-07;33.4;1936-07-28;26.6;0;20;9;0
1936-08;28.7;1936-08-19;23.7;0;13;0;0
1936-09;30.2;1936-09-04;20.9;0;8;1;0
1936-10;19.3;1936-10-16;10.4;0;0;0;0
1936-11;17.4;1936-11-08;6.6;7;0;0;0
1936-12;9.2;1936-12-18;2.8;3;0;0;0
1937-01;10.6;1937-01-04;-0.6;18;0;0;0
1937-02;15.8;1937-02-28;5.2;2;0;0;0
1937-03;21.0;1937-03-20;10.3;0;0;0;0
1937-04;18.4;1937-04-10;13.0;0;0;0;0
1937-05;27.7;1937-05-27;22.1;0;9;0;0
1937-06;30.3;1937-06-12;25.2;0;19;2;0
1937-07;29.8;1937-07-06;25.5;0;17;0;0
1937-08;29.8;1937-08-09;24.4;0;11;0;0
1937-09;28.0;1937-09-08;20.8;0;8;0;0
1937-10;20.6;1937-10-02;15.2;0;0;0;0
1937-11;12.2;1937-11-02;6.8;0;0;0;0
1937-12;10.8;1937-12-09;2.4;6;0;0;0
1938-01;11.5;1938-01-24;3.0;9;0;0;0
1938-02;11.5;1938-02-28;5.8;0;0;0;0
1938-03;21.0;1938-03-17;15.2;0;0;0;0
1938-04;23.6;1938-04-03;12.0;0;0;0;0
1938-05;24.7;1938-05-17;18.1;0;0;0;0
1938-06;32.6;1938-06-29;25.6;0;18;4;0
1938-07;33.2;1938-07-08;26.6;0;23;5;0
1938-08;32.2;1938-08-03;24.4;0;14;4;0
1938-09;23.8;1938-09-29;20.5;0;0;0;0
1938-10;23.0;1938-10-11;15.7;0;0;0;0
1938-11;17.9;1938-11-07;9.9;0;0;0;0
1938-12;10.0;1938-12-04;0.8;13;0;0;0
1939-01;15.0;1939-01-17;4.6;3;0;0;0
1939-02;15.6;1939-02-25;7.4;0;0;0;0
1939-03;13.6;1939-03-07;7.0;0;0;0;0
1939-04;29.6;1939-04-08;19.0;0;2;0;0
1939-05;23.0;1939-05-19;18.2;0;0;0;0
1939-06;30.4;1939-06-30;23.8;0;12;1;0
1939-07;33.9;1939-07-09;27.1;0;21;9;0
1939-08;34.4;1939-08-05;26.1;0;21;3;0
1939-09;29.3;1939-09-01;21.0;0;10;0;0
1939-10;24.4;1939-10-15;12.8;0;0;0;0
1939-11;14.5;1939-11-07;7.4;0;0;0;0
1939-12;18.0;1939-12-01;2.0;10;0;0;0
1940-01;0.6;1940-01-15;-4.6;28;0;0;0
1940-02;9.5;1940-02-25;-1.9;18;0;0;0
1940-03;19.6;1940-03-27;7.4;3;0;0;0
1940-04;25.1;1940-04-24;15.3;0;1;0;0
1940-05;25.4;1940-05-25;17.0;0;2;0;0
1940-06;27.2;1940-06-16;23.1;0;7;0;0
1940-07;29.3;1940-07-08;24.8;0;15;0;0
1940-08;28.1;1940-08-10;21.4;0;5;0;0
1940-09;26.5;1940-09-08;20.3;0;3;0;0
1940-10;22.6;1940-10-03;13.4;0;0;0;0
1940-11;18.7;1940-11-15;10.4;0;0;0;0
1940-12;8.4;1940-12-09;-0.2;17;0;0;0
1941-01;11.5;1941-01-22;-0.8;23;0;0;0
1941-02;10.1;1941-02-17;4.8;5;0;0;0
1941-03;16.8;1941-03-31;9.9;0;0;0;0
1941-04;22.7;1941-04-05;13.1;0;0;0;0
1941-05;24.6;1941-05-30;16.7;0;0;0;0
1941-06;29.6;1941-06-25;23.2;0;11;0;0
1941-07;30.5;1941-07-14;24.5;0;12;1;0
1941-08;29.6;1941-08-19;23.6;0;13;0;0
1941-09;27.5;1941-09-06;19.7;0;2;0;0
1941-10;24.0;1941-10-04;14.2;0;0;0;0
1941-11;10.9;1941-11-08;3.5;5;0;0;0
1941-12;12.7;1941-12-15;4.2;6;0;0;0
1942-01;4.9;1942-01-02;-5.8;27;0;0;0
1942-02;6.1;1942-02-26;-1.2;20;0;0;0
1942-03;16.1;1942-03-26;6.1;3;0;0;0
1942-04;19.2;1942-04-08;12.4;0;0;0;0
1942-05;27.8;1942-05-29;20.2;0;4;0;0
1942-06;28.0;1942-06-10;23.0;0;10;0;0
1942-07;29.8;1942-07-10;24.6;0;14;0;0
1942-08;31.7;1942-08-30;26.4;0;19;7;0
1942-09;32.8;1942-09-04;25.9;0;17;4;0
1942-10;27.9;1942-10-01;19.2;0;5;0;0
1942-11;18.2;1942-11-02;7.5;0;0;0;0
1942-12;15.5;1942-12-18;6.0;5;0;0;0
1943-01;4.0;1943-01-24;-1.5;21;0;0;0
1943-02;16.1;1943-02-24;8.2;0;0;0;0
1943-03;21.0;1943-03-26;12.6;0;0;0;0
1943-04;27.4;1943-04-24;18.3;0;4;0;0
1943-05;25.4;1943-05-15;19.6;0;2;0;0
1943-06;27.8;1943-06-22;21.4;0;4;0;0
1943-07;31.0;1943-07-20;25.8;0;21;3;0
1943-08;35.0;1943-08-21;28.4;0;24;11;2
1943-09;30.7;1943-09-15;23.4;0;10;1;0
1943-10;23.5;1943-10-07;17.0;0;0;0;0
1943-11;13.0;1943-11-01;6.9;0;0;0;0
1943-12;6.8;1943-12-29;2.8;5;0;0;0
1944-01;14.7;1944-01-29;6.3;0;0;0;0
1944-02;18.6;1944-02-01;3.2;9;0;0;0
1944-03;13.4;1944-03-19;5.7;1;0;0;0
1944-04;23.9;1944-04-17;16.4;0;0;0;0
1944-05;29.4;1944-05-31;18.2;0;3;0;0
1944-06;28.2;1944-06-29;22.2;0;7;0;0
1944-07;30.0;1944-07-09;25.9;0;20;1;0
1944-08;32.0;1944-08-23;27.5;0;25;7;0
1944-09;28.2;1944-09-02;20.8;0;3;0;0
1944-10;24.1;1944-10-08;15.2;0;0;0;0
1944-11;16.0;1944-11-06;8.1;0;0;0;0
1944-12;11.8;1944-12-08;2.5;8;0;0;0
1945-01;2.1;1945-01-30;-1.3;24;0;0;0
1945-02;15.6;1945-02-27;6.4;1;0;0;0
1945-03;20.5;1945-03-26;12.4;0;0;0;0
1945-04;24.0;1945-04-12;17.6;0;0;0;0
1945-05;32.2;1945-05-14;23.0;0;13;4;0
1945-06;33.6;1945-06-08;26.9;0;23;5;0
1945-07;36.0;1945-07-27;28.0;0;24;12;1
1945-08;33.0;1945-08-31;26.1;0;20;4;0
1945-09;29.5;1945-09-19;22.1;0;10;0;0
1945-10;22.9;1945-10-29;15.5;0;0;0;0
1945-11;18.2;1945-11-03;7.4;0;0;0;0
1945-12;12.0;1945-12-23;4.7;4;0;0;0
1946-01;10.4;1946-01-11;-0.4;23;0;0;0
1946-02;15.0;1946-02-28;7.7;1;0;0;0
1946-03;20.6;1946-03-31;11.6;0;0;0;0
1946-04;25.5;1946-04-30;20.1;0;1;0;0
1946-05;28.2;1946-05-02;24.0;0;12;0;0
1946-06;31.2;1946-06-30;25.6;0;17;4;0
1946-07;33.4;1946-07-28;27.4;0;24;11;0
1946-08;34.2;1946-08-13;27.5;0;23;10;0
1946-09;29.4;1946-09-06;23.8;0;9;0;0
1946-10;22.5;1946-10-21;12.5;1;0;0;0
1946-11;14.4;1946-11-21;7.2;0;0;0;0
1946-12;9.0;1946-12-02;0.5;18;0;0;0
1947-01;10.2;1947-01-16;-2.5;21;0;0;0
1947-02;7.8;1947-02-22;-1.1;16;0;0;0
1947-03;20.0;1947-03-29;9.8;2;0;0;0
1947-04;28.4;1947-04-28;18.9;0;5;0;0
1947-05;27.0;1947-05-27;21.5;0;9;0;0
1947-06;33.5;1947-06-03;25.7;0;19;5;0
1947-07;33.4;1947-07-27;27.3;0;23;7;0
1947-08;34.5;1947-08-05;27.0;0;23;7;0
1947-09;32.8;1947-09-18;27.9;0;23;10;0
1947-10;25.0;1947-10-07;15.3;0;1;0;0
1947-11;22.0;1947-11-23;10.4;0;0;0;0
1947-12;13.0;1947-12-29;5.1;3;0;0;0
1948-01;11.4;1948-01-07;5.9;2;0;0;0
1948-02;11.5;1948-02-02;4.0;8;0;0;0
1948-03;20.2;1948-03-22;12.5;0;0;0;0
1948-04;23.6;1948-04-23;17.2;0;0;0;0
1948-05;28.6;1948-05-14;23.2;0;13;0;0
1948-06;29.5;1948-06-16;23.4;0;12;0;0
1948-07;30.6;1948-07-31;23.4;0;14;1;0
1948-08;30.7;1948-08-03;24.8;0;17;1;0
1948-09;27.0;1948-09-12;22.3;0;8;0;0
1948-10;25.4;1948-10-03;15.4;0;2;0;0
1948-11;17.0;1948-11-04;8.1;0;0;0;0
1948-12;10.0;1948-12-02;0.6;14;0;0;0
1949-01;13.4;1949-01-19;5.6;0;0;0;0
1949-02;14.7;1949-02-16;7.9;2;0;0;0
1949-03;20.4;1949-03-28;8.4;1;0;0;0
1949-04;25.0;1949-04-25;18.8;0;1;0;0
1949-05;28.0;1949-05-30;20.7;0;6;0;0
1949-06;30.4;1949-06-10;22.4;0;5;1;0
1949-07;33.8;1949-07-29;25.9;0;19;5;0
1949-08;32.7;1949-08-02;24.9;0;18;5;0
1949-09;30.0;1949-09-04;24.0;0;9;1;0
1949-10;23.9;1949-10-26;17.7;0;0;0;0
1949-11;16.3;1949-11-20;8.8;0;0;0;0
1949-12;12.9;1949-12-28;6.2;1;0;0;0
1950-01;7.6;1950-01-03;-0.2;17;0;0;0
1950-02;13.7;1950-02-25;5.4;5;0;0;0
1950-03;20.6;1950-03-08;12.2;1;0;0;0
1950-04;26.5;1950-04-21;15.7;0;2;0;0
1950-05;31.2;1950-05-24;23.0;0;8;2;0
1950-06;36.4;1950-06-30;26.5;0;19;6;1
1950-07;38.3;1950-07-05;29.3;0;27;13;4
1950-08;36.2;1950-08-28;28.1;0;24;7;2
1950-09;31.5;1950-09-15;21.9;0;9;2;0
1950-10;18.0;1950-10-07;12.8;0;0;0;0
1950-11;16.4;1950-11-13;9.0;0;0;0;0
1950-12;12.5;1950-12-03;3.6;3;0;0;0
1951-01;11.0;1951-01-12;3.8;2;0;0;0
1951-02;14.6;1951-02-13;7.4;2;0;0;0
1951-03;19.0;1951-03-18;8.8;1;0;0;0
1951-04;22.4;1951-04-26;16.1;0;0;0;0
1951-05;26.2;1951-05-27;19.2;0;2;0;0
1951-06;28.6;1951-06-18;22.8;0;9;0;0
1951-07;30.0;1951-07-11;25.1;0;15;3;0
1951-08;31.8;1951-08-04;26.5;0;22;4;0
1951-09;30.0;1951-09-07;22.4;0;13;2;0
1951-10;18.8;1951-10-01;13.8;0;0;0;0
1951-11;19.8;1951-11-11;12.0;0;0;0;0
1951-12;10.5;1951-12-14;4.5;5;0;0;0
1952-01;6.6;1952-01-02;1.9;7;0;0;0
1952-02;7.5;1952-02-24;2.7;6;0;0;0
1952-03;19.3;1952-03-31;6.9;3;0;0;0
1952-04;25.3;1952-04-16;19.2;0;2;0;0
1952-05;26.5;1952-05-31;19.0;0;5;0;0
1952-06;29.8;1952-06-18;23.6;0;10;0;0
1952-07;32.8;1952-07-23;28.0;0;26;10;0
1952-08;37.5;1952-08-15;29.2;0;26;14;3
1952-09;28.2;1952-09-06;19.1;0;3;0;0
1952-10;24.4;1952-10-01;14.4;0;0;0;0
1952-11;11.0;1952-11-01;6.3;0;0;0;0
1952-12;9.0;1952-12-15;1.6;6;0;0;0
1953-01;8.5;1953-01-30;1.6;8;0;0;0
1953-02;13.0;1953-02-21;4.8;6;0;0;0
1953-03;22.7;1953-03-30;11.6;1;0;0;0
1953-04;21.5;1953-04-04;16.3;0;0;0;0
1953-05;28.2;1953-05-25;19.7;0;7;0;0
1953-06;28.7;1953-06-25;23.7;0;12;0;0
1953-07;32.3;1953-07-18;27.2;0;25;6;0
1953-08;30.0;1953-08-21;24.5;0;17;1;0
1953-09;30.5;1953-09-03;22.3;0;4;1;0
1953-10;25.1;1953-10-17;16.4;0;1;0;0
1953-11;14.3;1953-11-30;7.2;0;0;0;0
1953-12;14.6;1953-12-02;2.2;9;0;0;0
1954-01;4.2;1954-01-13;-2.7;23;0;0;0
1954-02;5.9;1954-02-28;-2.8;19;0;0;0
1954-03;17.1;1954-03-31;10.2;0;0;0;0
1954-04;19.0;1954-04-05;11.8;0;0;0;0
1954-05;25.2;1954-05-26;18.6;0;1;0;0
1954-06;30.6;1954-06-21;24.1;0;11;1;0
1954-07;29.4;1954-07-26;23.2;0;10;0;0
1954-08;31.1;1954-08-22;25.1;0;15;2;0
1954-09;29.6;1954-09-05;22.4;0;12;0;0
1954-10;23.7;1954-10-19;15.2;0;0;0;0
1954-11;14.5;1954-11-06;6.8;2;0;0;0
1954-12;14.0;1954-12-10;6.1;0;0;0;0
1955-01;10.0;1955-01-17;0.4;16;0;0;0
1955-02;12.7;1955-02-01;3.2;7;0;0;0
1955-03;22.6;1955-03-26;5.4;7;0;0;0
1955-04;24.6;1955-04-30;13.0;0;0;0;0
1955-05;27.3;1955-05-02;19.4;0;3;0;0
1955-06;30.1;1955-06-20;22.1;0;8;1;0
1955-07;29.6;1955-07-19;24.1;0;15;0;0
1955-08;27.5;1955-08-23;23.3;0;8;0;0
1955-09;27.2;1955-09-08;21.0;0;8;0;0
1955-10;19.6;1955-10-13;14.0;0;0;0;0
1955-11;12.1;1955-11-06;6.4;0;0;0;0
1955-12;12.5;1955-12-11;5.2;2;0;0;0
1956-01;12.0;1956-01-22;3.9;6;0;0;0
1956-02;6.4;1956-02-29;-5.0;27;0;0;0
1956-03;17.4;1956-03-31;5.4;4;0;0;0
1956-04;23.0;1956-04-17;14.7;0;0;0;0
1956-05;25.6;1956-05-08;19.6;0;3;0;0
1956-06;27.1;1956-06-06;21.7;0;8;0;0
1956-07;29.8;1956-07-08;25.5;0;20;0;0
1956-08;29.6;1956-08-28;24.2;0;13;0;0
1956-09;30.4;1956-09-03;22.4;0;6;1;0
1956-10;25.7;1956-10-01;15.2;0;2;0;0
1956-11;12.0;1956-11-07;4.4;5;0;0;0
1956-12;12.6;1956-12-06;2.1;11;0;0;0
1957-01;7.0;1957-01-31;0.0;14;0;0;0
1957-02;12.1;1957-02-18;7.1;0;0;0;0
1957-03;21.7;1957-03-14;12.5;0;0;0;0
1957-04;25.0;1957-04-29;14.4;0;1;0;0
1957-05;25.5;1957-05-19;17.3;0;2;0;0
1957-06;31.1;1957-06-30;25.9;0;21;2;0
1957-07;36.8;1957-07-07;25.8;0;13;8;3
1957-08;29.0;1957-08-12;23.2;0;10;0;0
1957-09;26.7;1957-09-09;19.3;0;2;0;0
1957-10;21.8;1957-10-19;15.4;0;0;0;0
1957-11;19.7;1957-11-06;8.8;0;0;0;0
1957-12;13.6;1957-12-14;2.8;12;0;0;0
1958-01;8.5;1958-01-10;2.2;10;0;0;0
1958-02;18.5;1958-02-13;7.9;2;0;0;0
1958-03;16.3;1958-03-29;4.9;3;0;0;0
1958-04;20.7;1958-04-21;12.9;0;0;0;0
1958-05;32.4;1958-05-27;25.1;0;15;5;0
1958-06;29.6;1958-06-03;22.0;0;5;0;0
1958-07;33.3;1958-07-16;25.9;0;19;4;0
1958-08;31.8;1958-08-02;25.7;0;18;4;0
1958-09;30.4;1958-09-07;21.8;0;6;2;0
1958-10;23.5;1958-10-12;15.0;0;0;0;0
1958-11;11.8;1958-11-13;7.3;0;0;0;0
1958-12;12.8;1958-12-17;6.4;3;0;0;0
1959-01;13.4;1959-01-21;3.2;3;0;0;0
1959-02;15.9;1959-02-28;4.2;10;0;0;0
1959-03;20.4;1959-03-24;13.0;0;0;0;0
1959-04;23.9;1959-04-05;16.1;0;0;0;0
1959-05;26.4;1959-05-21;19.6;0;2;0;0
1959-06;27.8;1959-06-19;21.8;0;9;0;0
1959-07;31.5;1959-07-12;25.4;0;17;4;0
1959-08;29.8;1959-08-25;23.7;0;12;0;0
1959-09;27.6;1959-09-22;20.2;0;4;0;0
1959-10;20.8;1959-10-03;16.1;0;0;0;0
1959-11;13.6;1959-11-18;7.9;0;0;0;0
1959-12;12.4;1959-12-01;5.3;1;0;0;0
1960-01;14.6;1960-01-28;3.0;9;0;0;0
1960-02;17.3;1960-02-29;3.8;8;0;0;0
1960-03;16.5;1960-03-28;9.1;2;0;0;0
1960-04;21.0;1960-04-14;14.8;0;0;0;0
1960-05;30.1;1960-05-17;18.9;0;3;1;0
1960-06;29.0;1960-06-07;24.7;0;18;0;0
1960-07;28.0;1960-07-19;23.2;0;8;0;0
1960-08;30.1;1960-08-28;24.6;0;11;1;0
1960-09;25.3;1960-09-19;18.9;0;2;0;0
1960-10;22.6;1960-10-06;16.3;0;0;0;0
1960-11;19.1;1960-11-05;10.3;0;0;0;0
1960-12;14.1;1960-12-06;5.6;2;0;0;0
1961-01;7.1;1961-01-11;0.8;15;0;0;0
1961-02;12.2;1961-02-28;6.6;0;0;0;0
1961-03;22.1;1961-03-18;14.1;0;0;0;0
1961-04;27.1;1961-04-08;18.9;0;1;0;0
1961-05;24.3;1961-05-26;18.5;0;0;0;0
1961-06;31.6;1961-06-27;24.6;0;11;4;0
1961-07;32.1;1961-07-04;24.4;0;11;3;0
1961-08;33.2;1961-08-10;25.7;0;17;5;0
1961-09;29.7;1961-09-18;25.2;0;18;0;0
1961-10;22.9;1961-10-01;16.1;0;0;0;0
1961-11;16.1;1961-11-01;7.6;1;0;0;0
1961-12;11.6;1961-12-05;2.0;11;0;0;0
1962-01;9.5;1962-01-26;2.5;7;0;0;0
1962-02;9.6;1962-02-13;3.2;4;0;0;0
1962-03;17.4;1962-03-05;5.1;4;0;0;0
1962-04;27.5;1962-04-26;16.8;0;5;0;0
1962-05;29.1;1962-05-09;18.6;0;2;0;0
1962-06;36.6;1962-06-24;22.2;0;11;3;1
1962-07;31.9;1962-07-27;23.5;0;10;2;0
1962-08;32.6;1962-08-14;26.6;0;20;8;0
1962-09;28.3;1962-09-04;20.0;0;6;0;0
1962-10;23.5;1962-10-03;16.6;0;0;0;0
1962-11;13.2;1962-11-07;5.8;2;0;0;0
1962-12;6.0;1962-12-17;-0.8;16;0;0;0
1963-01;2.9;1963-01-06;-3.5;23;0;0;0
1963-02;3.7;1963-02-20;-1.7;19;0;0;0
1963-03;16.4;1963-03-27;7.1;2;0;0;0
1963-04;22.3;1963-04-23;16.2;0;0;0;0
1963-05;25.7;1963-05-27;20.1;0;2;0;0
1963-06;30.6;1963-06-28;24.4;0;11;2;0
1963-07;32.4;1963-07-26;27.1;0;22;9;0
1963-08;33.7;1963-08-04;25.4;0;16;5;0
1963-09;26.1;1963-09-20;21.6;0;5;0;0
1963-10;20.6;1963-10-12;14.7;0;0;0;0
1963-11;22.3;1963-11-05;12.8;0;0;0;0
1963-12;3.9;1963-12-01;-3.1;25;0;0;0
1964-01;5.2;1964-01-26;-1.9;22;0;0;0
1964-02;10.6;1964-02-18;3.8;4;0;0;0
1964-03;14.8;1964-03-31;4.4;7;0;0;0
1964-04;20.4;1964-04-03;16.0;0;0;0;0
1964-05;26.0;1964-05-31;19.6;0;2;0;0
1964-06;30.1;1964-06-13;25.5;0;18;1;0
1964-07;32.3;1964-07-22;26.5;0;21;4;0
1964-08;31.1;1964-08-18;24.9;0;15;3;0
1964-09;28.5;1964-09-12;21.3;0;6;0;0
1964-10;19.6;1964-10-06;13.3;0;0;0;0
1964-11;16.9;1964-11-25;9.9;0;0;0;0
1964-12;6.5;1964-12-16;1.4;11;0;0;0
1965-01;11.7;1965-01-31;2.3;7;0;0;0
1965-02;8.9;1965-02-14;1.2;9;0;0;0
1965-03;18.5;1965-03-30;9.8;0;0;0;0
1965-04;21.0;1965-04-04;13.5;0;0;0;0
1965-05;26.1;1965-05-18;18.1;0;3;0;0
1965-06;32.9;1965-06-26;22.8;0;10;3;0
1965-07;30.1;1965-07-15;24.1;0;14;1;0
1965-08;30.1;1965-08-08;22.6;0;11;1;0
1965-09;25.8;1965-09-03;21.2;0;3;0;0
1965-10;24.2;1965-10-01;15.1;0;0;0;0
1965-11;19.0;1965-11-02;5.3;8;0;0;0
1965-12;10.3;1965-12-28;4.6;1;0;0;0
1966-01;8.6;1966-01-02;-0.8;18;0;0;0
1966-02;17.6;1966-02-22;10.6;0;0;0;0
1966-03;16.3;1966-03-24;9.3;0;0;0;0
1966-04;22.1;1966-04-25;17.6;0;0;0;0
1966-05;26.3;1966-05-04;20.4;0;5;0;0
1966-06;29.3;1966-06-17;23.5;0;11;0;0
1966-07;29.2;1966-07-14;23.6;0;11;0;0
1966-08;29.9;1966-08-14;23.5;0;10;0;0
1966-09;26.1;1966-09-08;20.5;0;3;0;0
1966-10;24.7;1966-10-03;19.2;0;0;0;0
1966-11;15.8;1966-11-06;6.1;1;0;0;0
1966-12;13.5;1966-12-02;3.9;2;0;0;0
1967-01;10.8;1967-01-30;1.4;11;0;0;0
1967-02;15.7;1967-02-27;6.4;1;0;0;0
1967-03;21.3;1967-03-10;12.0;0;0;0;0
1967-04;21.7;1967-04-18;14.8;0;0;0;0
1967-05;26.2;1967-05-13;21.6;0;4;0;0
1967-06;33.1;1967-06-27;23.8;0;13;4;0
1967-07;31.8;1967-07-03;27.7;0;24;10;0
1967-08;32.8;1967-08-01;25.7;0;17;5;0
1967-09;30.2;1967-09-04;22.0;0;6;1;0
1967-10;25.2;1967-10-10;17.5;0;1;0;0
1967-11;16.9;1967-11-16;8.7;0;0;0;0
1967-12;10.5;1967-12-06;3.1;7;0;0;0
1968-01;8.8;1968-01-16;0.6;13;0;0;0
1968-02;16.7;1968-02-23;5.2;3;0;0;0
1968-03;23.6;1968-03-31;11.8;0;0;0;0
1968-04;28.6;1968-04-24;18.3;0;4;0;0
1968-05;29.1;1968-05-12;21.1;0;8;0;0
1968-06;30.4;1968-06-28;24.6;0;18;1;0
1968-07;36.6;1968-07-11;25.4;0;15;7;1
1968-08;27.4;1968-08-06;23.1;0;6;0;0
1968-09;24.7;1968-09-04;19.8;0;0;0;0
1968-10;23.4;1968-10-14;15.5;0;0;0;0
1968-11;20.3;1968-11-03;8.3;3;0;0;0
1968-12;6.7;1968-12-22;-0.7;18;0;0;0
1969-01;5.9;1969-01-30;-0.7;16;0;0;0
1969-02;7.5;1969-02-02;1.2;8;0;0;0
1969-03;16.4;1969-03-14;6.0;1;0;0;0
1969-04;27.1;1969-04-28;16.0;0;2;0;0
1969-05;30.4;1969-05-16;23.5;0;13;2;0
1969-06;27.5;1969-06-16;21.6;0;6;0;0
1969-07;32.8;1969-07-27;26.3;0;21;3;0
1969-08;31.2;1969-08-14;23.2;0;12;2;0
1969-09;24.5;1969-09-01;20.7;0;0;0;0
1969-10;19.8;1969-10-01;17.1;0;0;0;0
1969-11;18.6;1969-11-12;11.1;0;0;0;0
1969-12;3.6;1969-12-03;-1.5;23;0;0;0
1970-01;9.4;1970-01-28;0.1;16;0;0;0
1970-02;11.8;1970-02-09;3.0;6;0;0;0
1970-03;16.5;1970-03-25;6.9;0;0;0;0
1970-04;25.6;1970-04-19;14.1;0;1;0;0
1970-05;25.8;1970-05-15;18.3;0;1;0;0
1970-06;29.5;1970-06-22;23.8;0;14;0;0
1970-07;30.7;1970-07-23;24.9;0;18;4;0
1970-08;32.2;1970-08-06;25.0;0;13;4;0
1970-09;30.8;1970-09-11;21.2;0;8;1;0
1970-10;24.0;1970-10-08;14.6;0;0;0;0
1970-11;21.6;1970-11-03;11.8;0;0;0;0
1970-12;12.2;1970-12-02;3.1;9;0;0;0
1971-01;10.5;1971-01-28;1.8;15;0;0;0
1971-02;12.0;1971-02-13;6.8;2;0;0;0
1971-03;20.3;1971-03-21;6.7;7;0;0;0
1971-04;23.1;1971-04-23;16.4;0;0;0;0
1971-05;29.0;1971-05-20;22.2;0;14;0;0
1971-06;27.5;1971-06-15;22.9;0;8;0;0
1971-07;33.6;1971-07-12;26.7;0;22;7;0
1971-08;36.1;1971-08-07;27.9;0;25;12;1
1971-09;25.1;1971-09-05;19.3;0;1;0;0
1971-10;24.6;1971-10-23;16.7;0;0;0;0
1971-11;18.0;1971-11-06;7.5;3;0;0;0
1971-12;12.7;1971-12-22;5.5;3;0;0;0
1972-01;2.3;1972-01-11;-0.8;15;0;0;0
1972-02;13.4;1972-02-18;5.2;6;0;0;0
1972-03;20.6;1972-03-26;12.7;0;0;0;0
1972-04;21.9;1972-04-08;14.3;0;0;0;0
1972-05;26.8;1972-05-26;19.7;0;2;0;0
1972-06;27.1;1972-06-22;23.5;0;11;0;0
1972-07;31.5;1972-07-09;25.4;0;18;4;0
1972-08;30.9;1972-08-15;23.2;0;11;3;0
1972-09;25.6;1972-09-08;17.9;0;3;0;0
1972-10;19.2;1972-10-28;12.9;0;0;0;0
1972-11;18.2;1972-11-06;9.4;0;0;0;0
1972-12;13.0;1972-12-03;2.4;11;0;0;0
1973-01;5.8;1973-01-31;1.1;8;0;0;0
1973-02;11.1;1973-02-22;5.7;0;0;0;0
1973-03;18.9;1973-03-31;10.4;0;0;0;0
1973-04;22.2;1973-04-30;13.1;0;0;0;0
1973-05;28.4;1973-05-06;22.0;0;8;0;0
1973-06;30.2;1973-06-02;23.1;0;10;1;0
1973-07;32.6;1973-07-17;25.4;0;18;1;0
1973-08;32.7;1973-08-20;26.2;0;21;5;0
1973-09;31.8;1973-09-08;22.4;0;9;6;0
1973-10;20.2;1973-10-05;13.9;0;0;0;0
1973-11;16.7;1973-11-05;7.5;2;0;0;0
1973-12;12.0;1973-12-24;4.1;7;0;0;0
1974-01;11.1;1974-01-20;3.6;3;0;0;0
1974-02;14.0;1974-02-11;8.4;0;0;0;0
1974-03;23.3;1974-03-22;12.5;0;0;0;0
1974-04;21.3;1974-04-10;15.0;0;0;0;0
1974-05;25.7;1974-05-31;18.4;0;1;0;0
1974-06;26.6;1974-06-26;21.1;0;2;0;0
1974-07;31.6;1974-07-14;25.0;0;14;5;0
1974-08;33.6;1974-08-04;26.7;0;17;9;0
1974-09;27.6;1974-09-14;20.1;0;4;0;0
1974-10;14.4;1974-10-03;10.8;0;0;0;0
1974-11;17.0;1974-11-16;9.2;0;0;0;0
1974-12;15.5;1974-12-29;7.4;1;0;0;0
1975-01;16.3;1975-01-06;7.2;0;0;0;0
1975-02;11.7;1975-02-28;5.8;0;0;0;0
1975-03;17.3;1975-03-10;11.3;0;0;0;0
1975-04;21.8;1975-04-30;14.7;0;0;0;0
1975-05;27.3;1975-05-19;21.3;0;6;0;0
1975-06;32.2;1975-06-23;22.1;0;10;2;0
1975-07;29.2;1975-07-15;25.1;0;19;0;0
1975-08;28.6;1975-08-10;24.5;0;16;0;0
1975-09;28.5;1975-09-17;23.2;0;8;0;0
1975-10;25.3;1975-10-03;14.6;0;1;0;0
1975-11;10.2;1975-11-08;5.8;0;0;0;0
1975-12;7.7;1975-12-06;2.9;6;0;0;0
1976-01;14.0;1976-01-12;4.0;6;0;0;0
1976-02;13.5;1976-02-29;2.3;7;0;0;0
1976-03;19.5;1976-03-30;7.3;4;0;0;0
1976-04;23.8;1976-04-04;16.2;0;0;0;0
1976-05;25.6;1976-05-07;20.6;0;1;0;0
1976-06;30.9;1976-06-29;23.7;0;13;1;0
1976-07;33.1;1976-07-19;27.1;0;23;7;0
1976-08;27.1;1976-08-29;22.1;0;3;0;0
1976-09;25.7;1976-09-29;18.9;0;1;0;0
1976-10;26.1;1976-10-03;15.5;0;1;0;0
1976-11;16.4;1976-11-10;9.0;0;0;0;0
1976-12;13.0;1976-12-02;3.1;8;0;0;0
1977-01;10.7;1977-01-30;2.4;6;0;0;0
1977-02;15.9;1977-02-24;8.2;1;0;0;0
1977-03;24.2;1977-03-24;14.5;0;0;0;0
1977-04;25.7;1977-04-30;13.7;0;2;0;0
1977-05;28.0;1977-05-04;20.7;0;5;0;0
1977-06;32.2;1977-06-14;24.3;0;14;2;0
1977-07;29.3;1977-07-13;25.4;0;17;0;0
1977-08;28.6;1977-08-05;24.1;0;10;0;0
1977-09;28.6;1977-09-08;19.2;0;9;0;0
1977-10;24.7;1977-10-08;16.5;0;0;0;0
1977-11;20.6;1977-11-10;9.4;0;0;0;0
1977-12;11.1;1977-12-25;1.5;10;0;0;0
1978-01;8.6;1978-01-25;2.5;6;0;0;0
1978-02;14.2;1978-02-26;2.7;7;0;0;0
1978-03;21.2;1978-03-30;11.6;0;0;0;0
1978-04;22.3;1978-04-30;14.0;0;0;0;0
1978-05;23.3;1978-05-31;17.7;0;0;0;0
1978-06;27.4;1978-06-04;22.1;0;7;0;0
1978-07;29.1;1978-07-29;23.3;0;13;0;0
1978-08;29.1;1978-08-07;23.6;0;12;0;0
1978-09;30.6;1978-09-11;20.7;0;3;1;0
1978-10;20.9;1978-10-07;15.4;0;0;0;0
1978-11;13.9;1978-11-01;3.7;4;0;0;0
1978-12;11.5;1978-12-31;2.9;12;0;0;0
1979-01;10.1;1979-01-28;-0.2;16;0;0;0
1979-02;8.8;1979-02-02;3.8;3;0;0;0
1979-03;18.8;1979-03-14;12.3;0;0;0;0
1979-04;20.4;1979-04-15;13.8;0;0;0;0
1979-05;28.8;1979-05-20;21.1;0;12;0;0
1979-06;30.9;1979-06-05;25.1;0;16;6;0
1979-07;28.8;1979-07-19;22.3;0;5;0;0
1979-08;30.7;1979-08-02;23.3;0;11;1;0
1979-09;27.0;1979-09-19;21.1;0;7;0;0
1979-10;23.8;1979-10-16;13.2;0;0;0;0
1979-11;18.3;1979-11-09;8.7;0;0;0;0
1979-12;13.0;1979-12-05;6.4;1;0;0;0
1980-01;10.7;1980-01-31;-0.7;21;0;0;0
1980-02;12.9;1980-02-06;6.4;0;0;0;0
1980-03;20.0;1980-03-29;9.2;0;0;0;0
1980-04;20.2;1980-04-17;12.5;0;0;0;0
1980-05;24.0;1980-05-27;17.1;0;0;0;0
1980-06;30.7;1980-06-14;22.4;0;5;1;0
1980-07;28.4;1980-07-26;23.7;0;12;0;0
1980-08;31.0;1980-08-08;25.0;0;16;3;0
1980-09;24.6;1980-09-05;20.1;0;0;0;0
1980-10;22.3;1980-10-07;14.5;0;0;0;0
1980-11;16.1;1980-11-24;5.7;2;0;0;0
1980-12;10.6;1980-12-24;3.0;6;0;0;0
1981-01;8.5;1981-01-04;1.8;11;0;0;0
1981-02;12.9;1981-02-03;4.6;4;0;0;0
1981-03;21.8;1981-03-26;13.0;0;0;0;0
1981-04;23.7;1981-04-13;15.7;0;0;0;0
1981-05;27.4;1981-05-31;20.0;0;3;0;0
1981-06;30.2;1981-06-03;24.0;0;17;2;0
1981-07;30.3;1981-07-18;25.3;0;18;1;0
1981-08;32.6;1981-08-03;25.5;0;18;6;0
1981-09;28.8;1981-09-22;21.3;0;3;0;0
1981-10;24.2;1981-10-06;16.0;0;0;0;0
1981-11;19.8;1981-11-02;8.8;0;0;0;0
1981-12;11.4;1981-12-31;2.1;10;0;0;0
1982-01;11.0;1982-01-06;-0.4;20;0;0;0
1982-02;8.0;1982-02-09;1.9;9;0;0;0
1982-03;18.8;1982-03-28;10.4;0;0;0;0
1982-04;21.0;1982-04-06;13.7;0;0;0;0
1982-05;26.8;1982-05-28;20.5;0;4;0;0
1982-06;29.4;1982-06-06;24.1;0;15;0;0
1982-07;31.6;1982-07-21;26.0;0;22;4;0
1982-08;31.0;1982-08-13;25.0;0;18;1;0
1982-09;30.3;1982-09-06;23.9;0;13;1;0
1982-10;20.6;1982-10-24;14.7;0;0;0;0
1982-11;17.9;1982-11-09;8.8;0;0;0;0
1982-12;15.0;1982-12-09;5.2;0;0;0;0
1983-01;13.0;1983-01-27;6.5;0;0;0;0
1983-02;8.6;1983-02-01;1.7;9;0;0;0
1983-03;22.4;1983-03-09;12.4;0;0;0;0
1983-04;25.0;1983-04-21;17.4;0;1;0;0
1983-05;29.5;1983-05-15;21.4;0;8;0;0
1983-06;30.0;1983-06-05;23.7;0;14;1;0
1983-07;35.3;1983-07-27;29.4;0;28;16;1
1983-08;33.0;1983-08-01;26.5;0;21;5;0
1983-09;28.6;1983-09-10;22.5;0;7;0;0
1983-10;26.8;1983-10-04;16.3;0;2;0;0
1983-11;13.8;1983-11-02;6.2;3;0;0;0
1983-12;13.3;1983-12-19;3.9;9;0;0;0
1984-01;11.6;1984-01-03;3.0;3;0;0;0
1984-02;9.0;1984-02-04;2.4;7;0;0;0
1984-03;19.8;1984-03-28;8.9;0;0;0;0
1984-04;21.2;1984-04-16;14.2;0;0;0;0
1984-05;25.9;1984-05-04;19.2;0;4;0;0
1984-06;30.0;1984-06-21;22.8;0;9;1;0
1984-07;32.7;1984-07-12;23.7;0;10;4;0
1984-08;30.3;1984-08-05;24.8;0;14;1;0
1984-09;30.0;1984-09-03;20.1;0;5;1;0
1984-10;21.0;1984-10-20;16.8;0;0;0;0
1984-11;18.8;1984-11-24;8.3;1;0;0;0
1984-12;10.5;1984-12-11;2.2;8;0;0;0
1985-01;8.6;1985-01-22;-2.2;21;0;0;0
1985-02;10.8;1985-02-02;0.8;12;0;0;0
1985-03;17.9;1985-03-31;7.3;0;0;0;0
1985-04;24.0;1985-04-05;16.0;0;0;0;0
1985-05;27.2;1985-05-14;20.9;0;6;0;0
1985-06;29.1;1985-06-07;21.1;0;3;0;0
1985-07;32.1;1985-07-29;26.2;0;21;4;0
1985-08;31.5;1985-08-15;25.6;0;19;5;0
1985-09;30.2;1985-09-22;22.7;0;8;1;0
1985-10;24.5;1985-10-05;15.1;0;0;0;0
1985-11;18.4;1985-11-10;5.3;4;0;0;0
1985-12;16.1;1985-12-17;6.9;1;0;0;0
1986-01;10.6;1986-01-20;3.1;8;0;0;0
1986-02;3.1;1986-02-01;-2.2;21;0;0;0
1986-03;18.0;1986-03-28;6.7;2;0;0;0
1986-04;27.6;1986-04-25;17.2;0;3;0;0
1986-05;28.7;1986-05-28;23.0;0;9;0;0
1986-06;31.1;1986-06-18;23.4;0;13;1;0
1986-07;31.2;1986-07-04;25.6;0;19;5;0
1986-08;33.5;1986-08-17;26.7;0;20;10;0
1986-09;29.7;1986-09-16;21.7;0;5;0;0
1986-10;24.6;1986-10-03;16.4;0;0;0;0
1986-11;20.2;1986-11-15;9.0;0;0;0;0
1986-12;11.9;1986-12-30;1.5;13;0;0;0
1987-01;9.0;1987-01-01;-1.4;19;0;0;0
1987-02;9.6;1987-02-12;3.4;5;0;0;0
1987-03;17.0;1987-03-25;4.2;12;0;0;0
1987-04;22.4;1987-04-25;15.9;0;0;0;0
1987-05;25.4;1987-05-02;18.0;0;1;0;0
1987-06;28.6;1987-06-14;22.9;0;10;0;0
1987-07;32.8;1987-07-23;27.1;0;24;6;0
1987-08;27.5;1987-08-25;22.6;0;7;0;0
1987-09;31.2;1987-09-14;23.8;0;14;4;0
1987-10;23.1;1987-10-16;15.2;0;0;0;0
1987-11;14.0;1987-11-14;8.0;0;0;0;0
1987-12;15.6;1987-12-29;4.9;5;0;0;0
1988-01;15.3;1988-01-29;5.5;4;0;0;0
1988-02;16.5;1988-02-07;6.8;0;0;0;0
1988-03;16.0;1988-03-30;8.7;0;0;0;0
1988-04;21.6;1988-04-20;15.1;0;0;0;0
1988-05;25.1;1988-05-17;20.8;0;1;0;0
1988-06;29.3;1988-06-30;22.9;0;5;0;0
1988-07;34.6;1988-07-24;27.6;0;24;8;0
1988-08;33.6;1988-08-15;26.5;0;20;9;0
1988-09;26.6;1988-09-01;20.3;0;1;0;0
1988-10;22.1;1988-10-14;14.5;0;0;0;0
1988-11;11.0;1988-11-02;4.7;4;0;0;0
1988-12;12.2;1988-12-11;5.1;3;0;0;0
1989-01;12.4;1989-01-09;2.5;9;0;0;0
1989-02;18.6;1989-02-20;7.8;0;0;0;0
1989-03;24.9;1989-03-29;14.1;0;0;0;0
1989-04;22.9;1989-04-11;16.5;0;0;0;0
1989-05;25.2;1989-05-28;19.6;0;1;0;0
1989-06;26.5;1989-06-27;21.5;0;2;0;0
1989-07;31.4;1989-07-09;26.3;0;22;3;0
1989-08;31.8;1989-08-16;24.9;0;19;3;0
1989-09;27.0;1989-09-19;21.2;0;6;0;0
1989-10;23.9;1989-10-23;17.7;0;0;0;0
1989-11;20.5;1989-11-03;8.2;0;0;0;0
1989-12;19.9;1989-12-17;6.9;3;0;0;0
1990-01;15.0;1990-01-22;3.6;14;0;0;0
1990-02;21.0;1990-02-24;12.7;0;0;0;0
1990-03;26.1;1990-03-22;16.1;0;1;0;0
1990-04;21.7;1990-04-02;15.2;0;0;0;0
1990-05;27.3;1990-05-24;22.3;0;9;0;0
1990-06;31.7;1990-06-30;23.3;0;9;1;0
1990-07;32.9;1990-07-30;25.7;0;18;4;0
1990-08;33.2;1990-08-14;28.2;0;25;12;0
1990-09;26.1;1990-09-01;19.6;0;1;0;0
1990-10;25.4;1990-10-01;15.9;0;1;0;0
1990-11;15.6;1990-11-23;9.1;0;0;0;0
1990-12;9.2;1990-12-30;2.0;9;0;0;0
1991-01;13.1;1991-01-11;3.9;5;0;0;0
1991-02;12.4;1991-02-25;2.4;9;0;0;0
1991-03;22.2;1991-03-21;12.1;0;0;0;0
1991-04;20.0;1991-04-16;14.6;0;0;0;0
1991-05;24.4;1991-05-22;17.0;0;0;0;0
1991-06;29.6;1991-06-17;23.3;0;11;0;0
1991-07;33.4;1991-07-13;26.7;0;23;4;0
1991-08;31.4;1991-08-09;25.4;0;16;4;0
1991-09;27.6;1991-09-05;22.5;0;5;0;0
1991-10;22.2;1991-10-15;13.6;0;0;0;0
1991-11;17.1;1991-11-04;8.5;0;0;0;0
1991-12;6.6;1991-12-24;1.5;9;0;0;0
1992-01;10.6;1992-01-06;4.4;4;0;0;0
1992-02;16.8;1992-02-29;8.5;0;0;0;0
1992-03;18.8;1992-03-04;11.6;0;0;0;0
1992-04;27.6;1992-04-27;16.9;0;3;0;0
1992-05;24.7;1992-05-14;21.2;0;0;0;0
1992-06;29.2;1992-06-24;24.2;0;12;0;0
1992-07;35.4;1992-07-31;28.0;0;26;10;1
1992-08;37.4;1992-08-28;32.6;0;31;22;8
1992-09;28.1;1992-09-28;23.7;0;12;0;0
1992-10;22.6;1992-10-06;13.6;0;0;0;0
1992-11;17.0;1992-11-06;8.6;0;0;0;0
1992-12;15.0;1992-12-03;3.1;7;0;0;0
1993-01;14.0;1993-01-16;5.8;8;0;0;0
1993-02;9.4;1993-02-04;3.9;2;0;0;0
1993-03;22.4;1993-03-22;10.0;2;0;0;0
1993-04;24.8;1993-04-25;16.5;0;0;0;0
1993-05;29.0;1993-05-26;24.0;0;11;0;0
1993-06;31.1;1993-06-20;24.7;0;15;2;0
1993-07;33.5;1993-07-04;26.2;0;18;9;0
1993-08;35.4;1993-08-04;27.3;0;22;12;1
1993-09;29.1;1993-09-09;21.3;0;6;0;0
1993-10;26.0;1993-10-14;15.9;0;2;0;0
1993-11;16.5;1993-11-07;3.4;11;0;0;0
1993-12;12.3;1993-12-21;5.1;4;0;0;0
1994-01;14.6;1994-01-07;7.6;1;0;0;0
1994-02;18.9;1994-02-27;6.5;7;0;0;0
1994-03;22.8;1994-03-31;14.2;0;0;0;0
1994-04;24.4;1994-04-30;16.0;0;0;0;0
1994-05;27.1;1994-05-18;21.0;0;5;0;0
1994-06;33.8;1994-06-28;24.3;0;14;5;0
1994-07;35.0;1994-07-31;29.6;0;27;15;1
1994-08;35.3;1994-08-01;28.1;0;22;11;1
1994-09;29.1;1994-09-01;23.3;0;14;0;0
1994-10;24.6;1994-10-03;13.7;0;0;0;0
1994-11;17.8;1994-11-01;10.6;0;0;0;0
1994-12;15.2;1994-12-13;4.6;7;0;0;0
1995-01;14.3;1995-01-26;3.1;9;0;0;0
1995-02;20.2;1995-02-07;10.1;0;0;0;0
1995-03;20.0;1995-03-25;10.0;0;0;0;0
1995-04;26.7;1995-04-23;16.5;0;3;0;0
1995-05;28.7;1995-05-29;20.1;0;8;0;0
1995-06;29.4;1995-06-21;22.2;0;5;0;0
1995-07;31.8;1995-07-22;28.8;0;28;13;0
1995-08;31.2;1995-08-01;25.3;0;20;2;0
1995-09;25.7;1995-09-12;20.2;0;2;0;0
1995-10;23.1;1995-10-12;17.3;0;0;0;0
1995-11;17.5;1995-11-01;6.3;2;0;0;0
1995-12;11.2;1995-12-24;1.2;12;0;0;0
1996-01;11.4;1996-01-12;-0.2;20;0;0;0
1996-02;8.5;1996-02-18;1.7;11;0;0;0
1996-03;12.6;1996-03-24;6.3;1;0;0;0
1996-04;26.4;1996-04-22;15.8;0;1;0;0
1996-05;28.3;1996-05-19;21.9;0;6;0;0
1996-06;32.7;1996-06-11;25.7;0;18;6;0
1996-07;31.9;1996-07-15;24.6;0;14;2;0
1996-08;30.0;1996-08-02;25.2;0;17;1;0
1996-09;22.3;1996-09-04;16.3;0;0;0;0
1996-10;22.8;1996-10-01;15.7;0;0;0;0
1996-11;20.0;1996-11-12;11.3;0;0;0;0
1996-12;8.3;1996-12-03;-0.4;14;0;0;0
1997-01;4.8;1997-01-29;-0.6;21;0;0;0
1997-02;18.7;1997-02-26;9.2;0;0;0;0
1997-03;19.7;1997-03-03;11.3;0;0;0;0
1997-04;23.7;1997-04-11;13.6;0;0;0;0
1997-05;29.7;1997-05-13;22.5;0;12;0;0
1997-06;30.6;1997-06-29;24.7;0;13;2;0
1997-07;29.8;1997-07-04;24.8;0;17;0;0
1997-08;30.3;1997-08-14;26.8;0;24;1;0
1997-09;30.0;1997-09-06;22.9;0;9;1;0
1997-10;26.9;1997-10-09;14.4;0;2;0;0
1997-11;22.7;1997-11-07;9.1;0;0;0;0
1997-12;9.4;1997-12-13;4.5;4;0;0;0
1998-01;16.1;1998-01-08;5.8;1;0;0;0
1998-02;21.8;1998-02-13;12.9;2;0;0;0
1998-03;18.4;1998-03-31;10.4;0;0;0;0
1998-04;23.5;1998-04-27;17.8;0;0;0;0
1998-05;28.2;1998-05-13;21.3;0;9;0;0
1998-06;33.7;1998-06-07;25.3;0;18;4;0
1998-07;32.5;1998-07-22;26.2;0;19;5;0
1998-08;33.8;1998-08-13;27.4;0;21;10;0
1998-09;24.8;1998-09-26;19.4;0;0;0;0
1998-10;20.2;1998-10-07;15.7;0;0;0;0
1998-11;18.1;1998-11-03;6.7;2;0;0;0
1998-12;9.0;1998-12-16;0.9;13;0;0;0
1999-01;9.3;1999-01-05;1.7;11;0;0;0
1999-02;16.3;1999-02-27;5.4;5;0;0;0
1999-03;20.1;1999-03-25;12.6;0;0;0;0
1999-04;23.1;1999-04-07;16.8;0;0;0;0
1999-05;29.9;1999-05-31;20.9;0;6;0;0
1999-06;27.9;1999-06-02;23.8;0;11;0;0
1999-07;32.6;1999-07-06;26.6;0;24;4;0
1999-08;33.2;1999-08-09;25.0;0;14;5;0
1999-09;27.8;1999-09-26;23.6;0;11;0;0
1999-10;24.5;1999-10-25;16.0;0;0;0;0
1999-11;18.7;1999-11-06;6.0;5;0;0;0
1999-12;12.2;1999-12-10;3.9;5;0;0;0
2000-01;9.3;2000-01-31;1.4;12;0;0;0
2000-02;15.6;2000-02-06;9.4;0;0;0;0
2000-03;22.9;2000-03-09;12.0;0;0;0;0
2000-04;27.0;2000-04-23;19.8;0;6;0;0
2000-05;29.1;2000-05-27;23.7;0;12;0;0
2000-06;35.4;2000-06-22;27.0;0;17;10;1
2000-07;34.3;2000-07-03;25.5;0;13;7;0
2000-08;37.5;2000-08-19;29.0;0;25;12;4
2000-09;27.7;2000-09-13;21.2;0;5;0;0
2000-10;25.6;2000-10-13;17.9;0;1;0;0
2000-11;20.8;2000-11-14;12.4;0;0;0;0
2000-12;13.3;2000-12-11;4.8;4;0;0;0
2001-01;13.1;2001-01-06;3.0;5;0;0;0
2001-02;16.8;2001-02-08;9.1;0;0;0;0
2001-03;20.6;2001-03-12;12.9;0;0;0;0
2001-04;25.4;2001-04-30;15.7;0;1;0;0
2001-05;30.4;2001-05-29;23.3;0;11;1;0
2001-06;31.7;2001-06-27;24.2;0;13;1;0
2001-07;33.7;2001-07-15;27.0;0;21;6;0
2001-08;35.4;2001-08-04;29.1;0;25;17;1
2001-09;25.7;2001-09-04;19.2;0;2;0;0
2001-10;26.1;2001-10-08;19.0;0;2;0;0
2001-11;16.6;2001-10-31;7.7;0;0;0;0
2001-12;7.2;2001-12-30;0.7;12;0;0;0
2002-01;16.9;2002-01-29;4.4;10;0;0;0
2002-02;16.6;2002-02-12;10.3;0;0;0;0
2002-03;20.1;2002-03-14;12.6;0;0;0;0
2002-04;20.4;2002-04-26;14.1;0;0;0;0
2002-05;27.1;2002-05-04;23.3;0;5;0;0
2002-06;36.5;2002-06-23;27.1;0;19;10;1
2002-07;33.4;2002-07-10;28.5;0;29;8;0
2002-08;30.4;2002-08-03;25.8;0;21;1;0
2002-09;27.6;2002-09-09;20.0;0;7;0;0
2002-10;22.2;2002-10-23;15.1;0;0;0;0
2002-11;21.4;2002-11-15;11.6;0;0;0;0
2002-12;8.9;2002-12-01;1.4;12;0;0;0
2003-01;7.3;2003-01-03;0.6;14;0;0;0
2003-02;10.8;2003-02-27;1.9;9;0;0;0
2003-03;20.8;2003-03-27;11.7;0;0;0;0
2003-04;24.9;2003-04-29;15.4;0;0;0;0
2003-05;30.9;2003-05-06;24.4;0;17;2;0
2003-06;35.2;2003-06-11;28.8;0;26;12;1
2003-07;35.0;2003-07-01;27.9;0;23;9;1
2003-08;37.2;2003-08-13;30.8;0;30;19;3
2003-09;28.7;2003-09-22;21.8;0;7;0;0
2003-10;24.3;2003-10-02;12.5;0;0;0;0
2003-11;19.3;2003-11-01;10.5;0;0;0;0
2003-12;9.1;2003-12-06;3.9;2;0;0;0
2004-01;10.4;2004-01-14;1.3;14;0;0;0
2004-02;20.1;2004-02-05;5.2;2;0;0;0
2004-03;22.3;2004-03-18;8.5;2;0;0;0
2004-04;23.0;2004-04-29;15.7;0;0;0;0
2004-05;25.8;2004-05-20;18.4;0;1;0;0
2004-06;29.1;2004-06-09;22.5;0;7;0;0
2004-07;33.3;2004-07-22;25.3;0;17;4;0
2004-08;32.6;2004-08-18;26.7;0;22;3;0
2004-09;27.3;2004-09-14;21.2;0;6;0;0
2004-10;23.2;2004-10-08;16.2;0;0;0;0
2004-11;15.5;2004-11-02;8.4;0;0;0;0
2004-12;9.7;2004-12-25;2.9;8;0;0;0
2005-01;11.9;2005-01-06;4.2;7;0;0;0
2005-02;7.7;2005-02-13;1.2;8;0;0;0
2005-03;21.4;2005-03-17;8.8;6;0;0;0
2005-04;22.3;2005-04-27;16.6;0;0;0;0
2005-05;31.8;2005-05-30;21.9;0;9;3;0
2005-06;30.7;2005-06-28;24.4;0;19;2;0
2005-07;32.7;2005-07-29;25.6;0;18;5;0
2005-08;29.2;2005-08-02;23.0;0;10;0;0
2005-09;27.4;2005-09-01;21.3;0;7;0;0
2005-10;21.3;2005-10-05;16.4;0;0;0;0
2005-11;12.6;2005-11-09;6.2;3;0;0;0
2005-12;8.8;2005-12-07;3.6;3;0;0;0
2006-01;4.6;2006-01-21;-0.8;15;0;0;0
2006-02;12.8;2006-02-20;3.3;7;0;0;0
2006-03;21.1;2006-03-27;8.5;0;0;0;0
2006-04;24.5;2006-04-25;17.1;0;0;0;0
2006-05;25.6;2006-05-16;20.1;0;2;0;0
2006-06;33.4;2006-06-26;24.4;0;16;7;0
2006-07;34.6;2006-07-22;29.3;0;26;18;0
2006-08;30.3;2006-08-18;23.0;0;6;1;0
2006-09;30.6;2006-09-04;23.4;0;5;1;0
2006-10;26.7;2006-10-03;19.1;0;1;0;0
2006-11;18.5;2006-11-16;10.7;0;0;0;0
2006-12;16.0;2006-12-06;5.8;3;0;0;0
2007-01;16.8;2007-01-13;8.9;1;0;0;0
2007-02;13.1;2007-02-14;9.2;0;0;0;0
2007-03;18.9;2007-03-18;12.9;0;0;0;0
2007-04;24.2;2007-04-28;19.7;0;0;0;0
2007-05;30.7;2007-05-25;23.0;0;11;2;0
2007-06;35.2;2007-06-21;28.1;0;25;7;1
2007-07;39.4;2007-07-20;30.1;0;25;16;6
2007-08;33.2;2007-08-16;26.8;0;21;8;0
2007-09;25.0;2007-09-17;19.3;0;1;0;0
2007-10;22.0;2007-10-01;13.6;0;0;0;0
2007-11;16.0;2007-11-23;7.6;0;0;0;0
2007-12;10.4;2007-12-03;1.9;15;0;0;0
2008-01;15.3;2008-01-20;5.9;5;0;0;0
2008-02;18.2;2008-02-25;9.8;0;0;0;0
2008-03;18.4;2008-03-16;11.3;0;0;0;0
2008-04;22.8;2008-04-21;16.9;0;0;0;0
2008-05;32.9;2008-05-28;22.2;0;9;2;0
2008-06;33.0;2008-06-23;25.9;0;18;5;0
2008-07;31.8;2008-07-12;26.5;0;21;7;0
2008-08;31.6;2008-08-15;26.5;0;22;3;0
2008-09;31.0;2008-09-06;20.0;0;10;2;0
2008-10;22.6;2008-10-14;17.9;0;0;0;0
2008-11;20.6;2008-11-03;9.9;0;0;0;0
2008-12;11.6;2008-12-01;4.9;5;0;0;0
2009-01;12.8;2009-01-20;0.9;14;0;0;0
2009-02;13.6;2009-02-06;5.1;0;0;0;0
2009-03;16.5;2009-03-28;10.1;0;0;0;0
2009-04;23.8;2009-04-08;20.5;0;0;0;0
2009-05;27.9;2009-05-25;21.8;0;7;0;0
2009-06;31.8;2009-06-19;23.7;0;13;1;0
2009-07;34.4;2009-07-23;27.8;0;25;7;0
2009-08;33.9;2009-08-02;27.5;0;25;8;0
2009-09;30.6;2009-09-03;23.9;0;13;1;0
2009-10;26.7;2009-10-06;15.3;0;3;0;0
2009-11;16.3;2009-11-17;10.0;0;0;0;0
2009-12;16.8;2009-12-25;4.1;8;0;0;0
2010-01;5.7;2010-01-01;0.0;16;0;0;0
2010-02;14.3;2010-02-28;4.9;6;0;0;0
2010-03;20.2;2010-03-21;11.0;0;0;0;0
2010-04;25.7;2010-04-30;16.2;0;1;0;0
2010-05;26.7;2010-05-25;19.7;0;3;0;0
2010-06;32.7;2010-06-12;23.9;0;14;2;0
2010-07;34.9;2010-07-14;28.7;0;25;13;0
2010-08;30.3;2010-08-02;24.7;0;17;2;0
2010-09;23.0;2010-09-15;18.4;0;0;0;0
2010-10;17.2;2010-10-05;12.9;0;0;0;0
2010-11;20.6;2010-11-05;11.1;1;0;0;0
2010-12;12.6;2010-12-08;2.2;15;0;0;0
2011-01;13.6;2011-01-15;2.5;9;0;0;0
2011-02;15.3;2011-02-07;4.1;6;0;0;0
2011-03;20.1;2011-03-26;11.8;0;0;0;0
2011-04;26.6;2011-04-07;19.0;0;1;0;0
2011-05;29.1;2011-05-27;22.0;0;12;0;0
2011-06;30.3;2011-06-22;25.6;0;18;1;0
2011-07;35.3;2011-07-09;25.6;0;17;9;1
2011-08;35.2;2011-08-26;27.5;0;21;9;1
2011-09;30.9;2011-09-11;25.1;0;14;2;0
2011-10;26.4;2011-10-04;15.2;0;4;0;0
2011-11;19.4;2011-11-05;5.5;7;0;0;0
2011-12;12.3;2011-12-05;5.6;1;0;0;0
2012-01;10.7;2012-01-23;5.5;2;0;0;0
2012-02;18.0;2012-02-24;2.2;13;0;0;0
2012-03;23.0;2012-03-17;15.2;0;0;0;0
2012-04;28.7;2012-04-29;17.2;0;3;0;0
2012-05;29.4;2012-05-02;22.0;0;9;0;0
2012-06;36.5;2012-06-30;27.0;0;19;10;1
2012-07;36.4;2012-07-01;28.8;0;23;13;5
2012-08;35.7;2012-08-24;29.0;0;25;11;2
2012-09;31.2;2012-09-11;23.4;0;9;2;0
2012-10;23.8;2012-10-01;15.2;0;0;0;0
2012-11;18.2;2012-11-04;10.6;0;0;0;0
2012-12;9.9;2012-12-25;3.9;3;0;0;0
2013-01;11.6;2013-01-04;2.3;12;0;0;0
2013-02;8.6;2013-02-28;3.4;3;0;0;0
2013-03;18.0;2013-03-08;7.4;2;0;0;0
2013-04;27.2;2013-04-30;17.0;0;3;0;0
2013-05;25.8;2013-05-19;20.2;0;1;0;0
2013-06;33.3;2013-06-20;24.0;0;12;5;0
2013-07;38.5;2013-07-29;29.2;0;29;10;3
2013-08;39.7;2013-08-08;28.5;0;21;13;6
2013-09;27.3;2013-09-08;20.8;0;4;0;0
2013-10;24.8;2013-10-23;17.5;0;0;0;0
2013-11;17.2;2013-11-03;9.4;0;0;0;0
2013-12;12.7;2013-12-25;5.2;4;0;0;0
2014-01;12.1;2014-01-17;5.6;6;0;0;0
2014-02;12.2;2014-02-15;7.0;4;0;0;0
2014-03;22.1;2014-03-21;15.3;0;0;0;0
2014-04;23.6;2014-04-08;17.9;0;0;0;0
2014-05;28.4;2014-05-23;20.0;0;6;0;0
2014-06;33.0;2014-06-11;25.3;0;15;5;0
2014-07;31.8;2014-07-21;27.1;0;24;7;0
2014-08;30.3;2014-08-11;24.4;0;11;1;0
2014-09;26.0;2014-09-09;20.5;0;2;0;0
2014-10;26.2;2014-10-11;17.4;0;2;0;0
2014-11;20.4;2014-11-05;11.7;0;0;0;0
2014-12;13.3;2014-12-19;5.5;3;0;0;0
2015-01;14.3;2015-01-10;5.2;3;0;0;0
2015-02;11.7;2015-02-21;5.8;0;0;0;0
2015-03;18.7;2015-03-26;12.1;0;0;0;0
2015-04;27.4;2015-04-16;17.3;0;1;0;0
2015-05;27.0;2015-05-19;20.7;0;4;0;0
2015-06;32.2;2015-06-13;25.7;0;19;4;0
2015-07;36.9;2015-07-07;29.8;0;23;19;3
2015-08;36.2;2015-08-13;30.1;0;24;17;6
2015-09;34.0;2015-09-01;22.3;0;8;2;0
2015-10;22.8;2015-10-04;14.3;0;0;0;0
2015-11;21.9;2015-11-11;12.6;0;0;0;0
2015-12;15.7;2015-12-01;5.7;1;0;0;0
2016-01;15.0;2016-01-28;3.6;9;0;0;0
2016-02;16.5;2016-02-22;9.6;0;0;0;0
2016-03;23.1;2016-03-31;11.1;0;0;0;0
2016-04;25.8;2016-04-05;18.0;0;2;0;0
2016-05;28.4;2016-05-29;20.5;0;5;0;0
2016-06;32.4;2016-06-24;25.2;0;13;5;0
2016-07;33.4;2016-07-11;27.8;0;27;7;0
2016-08;30.1;2016-08-04;25.4;0;20;1;0
2016-09;30.0;2016-09-12;24.9;0;15;1;0
2016-10;25.3;2016-10-01;14.2;0;1;0;0
2016-11;17.0;2016-11-22;9.5;0;0;0;0
2016-12;11.7;2016-12-02;3.6;9;0;0;0
2017-01;4.4;2017-01-01;-1.1;21;0;0;0
2017-02;14.1;2017-02-27;6.2;3;0;0;0
2017-03;22.5;2017-03-29;14.8;0;0;0;0
2017-04;23.8;2017-04-01;15.8;0;0;0;0
2017-05;29.2;2017-05-30;21.7;0;6;0;0
2017-06;33.7;2017-06-22;27.7;0;24;8;0
2017-07;34.8;2017-07-10;28.5;0;23;13;0
2017-08;37.1;2017-08-04;29.1;0;23;15;3
2017-09;26.4;2017-08-31;19.7;0;4;0;0
2017-10;23.9;2017-10-12;16.9;0;0;0;0
2017-11;17.2;2017-11-05;9.4;0;0;0;0
2017-12;14.4;2017-12-12;5.4;0;0;0;0
2018-01;16.8;2018-01-29;6.2;1;0;0;0
2018-02;12.2;2018-02-01;1.8;8;0;0;0
2018-03;16.3;2018-03-13;7.6;3;0;0;0
2018-04;28.9;2018-04-29;21.7;0;7;0;0
2018-05;28.7;2018-05-29;23.9;0;13;0;0
2018-06;30.3;2018-06-21;25.6;0;21;1;0
2018-07;32.7;2018-07-30;27.9;0;26;6;0
2018-08;34.1;2018-08-09;29.7;0;28;18;0
2018-09;30.0;2018-09-12;23.4;0;15;1;0
2018-10;23.2;2018-10-06;18.7;0;0;0;0
2018-11;18.8;2018-11-01;9.6;1;0;0;0
2018-12;14.2;2018-12-04;5.3;4;0;0;0
2019-01;12.4;2019-01-17;3.5;4;0;0;0
2019-02;22.6;2019-02-28;10.2;0;0;0;0
2019-03;21.4;2019-03-24;14.8;0;0;0;0
2019-04;25.8;2019-04-25;17.3;0;2;0;0
2019-05;25.6;2019-05-26;17.6;0;1;0;0
2019-06;34.0;2019-06-27;28.5;0;29;10;0
2019-07;34.6;2019-07-01;28.3;0;25;12;0
2019-08;32.0;2019-08-12;28.0;0;26;9;0
2019-09;31.7;2019-09-01;22.5;0;5;1;0
2019-10;26.6;2019-10-21;18.4;0;1;0;0
2019-11;19.9;2019-11-03;10.8;0;0;0;0
2019-12;17.4;2019-12-18;6.8;2;0;0;0
